./data/gc_50_7 csp None
./data/gc_50_7 csp None
./data/gc_50_7 csp None
./data/gc_50_9 csp None
./data/gc_50_9 csp None
./data/gc_50_9 csp None
./data/gc_50_9 csp None
./data/gc_70_1 csp None
./data/gc_70_7 csp None
./data/gc_70_7 csp None
./data/gc_100_7 csp None
./data/gc_100_7 csp None
./data/gc_100_9 csp None
./data/gc_100_9 csp None
./data/gc_250_3 csp None
./data/gc_250_5 csp None
./data/gc_250_7 csp None
./data/gc_250_1 csp_11 None
./data/gc_250_3 csp_24 None
./data/gc_250_3 greedy 25
./data/gc_250_3 greedy 25
./data/gc_500_1 csp_42 None
./data/gc_500_1 csp_18 None
./data/gc_500_9 csp_173 None
./data/gc_1000_1 csp_1000 None
./data/gc_1000_9 csp_1000 None
./data/gc_1000_7 csp_192 None
./data/gc_1000_7 csp_189 None
./data/gc_1000_9 csp_312 None
./data/gc_250_5 greedy 40
./data/gc_250_5 csp_38 None
./data/gc_250_5 csp_38 None
./data/gc_1000_1 greedy 30
./data/gc_1000_9 greedy 316
73 273 153 114 243 244 120 292 2 110 34 42 286 123 271 188 266 153 9 244 45 119 49 231 119 7 122 259 109 143 137 125 267 270 82 274 221 287 217 98 114 157 96 119 265 192 197 104 94 220 162 140 3 95 67 202 55 290 240 197 227 184 123 290 234 163 37 216 33 143 114 54 54 15 139 306 72 176 181 185 34 127 295 36 204 258 99 218 69 243 94 86 18 196 273 48 262 20 28 275 215 44 237 210 42 23 187 135 284 198 274 59 59 61 306 0 51 255 277 288 249 65 214 173 156 260 156 291 313 131 203 93 235 233 218 156 170 160 60 258 66 285 268 22 130 17 200 248 126 237 102 83 61 113 132 113 68 155 254 226 169 305 51 236 249 101 189 150 228 38 24 9 266 272 67 129 28 275 14 282 107 41 208 92 304 186 54 206 92 225 46 168 143 65 138 182 224 151 48 140 190 174 235 83 91 110 53 64 263 111 253 242 43 309 118 24 175 90 281 40 35 142 270 10 148 72 118 225 64 211 199 27 103 154 88 63 74 102 195 153 16 65 89 7 144 213 132 185 124 148 133 117 298 89 101 47 300 52 204 120 228 281 157 49 261 29 241 239 38 18 261 223 229 39 265 116 80 17 190 212 132 128 147 135 186 286 41 260 62 226 168 276 68 12 4 220 259 134 183 205 145 79 127 219 116 61 181 25 252 81 224 182 115 2 191 115 312 61 129 309 283 13 265 249 165 24 208 159 115 47 141 81 202 172 206 247 114 278 63 215 77 231 47 183 202 29 209 30 234 221 312 259 272 44 293 230 164 85 233 223 201 227 184 183 155 153 113 112 71 20 72 11 87 271 46 16 211 156 236 194 193 285 251 125 171 222 301 152 81 180 64 82 112 53 60 297 123 298 127 130 275 121 144 39 58 18 237 16 56 108 27 146 135 145 42 12 79 217 197 167 140 244 284 37 84 303 3 226 211 66 255 288 257 8 235 71 166 184 100 2 309 112 289 111 210 182 111 19 193 63 223 166 46 88 262 292 40 209 192 174 276 251 23 212 62 126 6 80 138 88 25 311 216 70 78 201 106 87 82 11 234 52 157 221 264 92 143 71 141 80 219 79 125 286 160 173 181 7 165 105 159 232 165 64 20 228 10 257 124 253 258 176 214 8 208 282 97 250 9 38 148 31 224 66 215 30 124 29 284 163 151 180 6 230 104 296 287 1 124 231 232 188 231 239 250 259 77 233 5 70 264 280 45 69 297 267 265 192 191 86 110 279 207 102 97 48 139 249 57 137 134 215 120 269 39 122 165 226 291 207 34 82 230 94 98 45 44 26 95 302 301 294 3 106 11 201 12 200 300 122 206 278 139 129 1 2 150 28 279 282 164 115 198 147 117 291 304 32 213 86 246 299 94 310 184 138 252 193 33 38 43 137 108 289 131 24 33 54 36 152 149 49 78 296 288 13 256 180 257 242 43 57 0 151 99 178 167 163 314 203 98 254 85 167 248 20 240 69 123 8 84 262 284 161 238 162 200 179 148 280 146 308 103 136 79 22 295 199 25 241 19 145 252 85 186 147 76 170 109 261 164 294 169 0 199 285 59 205 60 16 247 122 149 260 76 49 283 15 50 161 15 136 160 160 198 32 134 308 41 78 46 190 158 146 73 199 109 35 150 179 27 100 131 254 173 14 89 282 229 248 97 232 212 36 108 169 128 43 130 220 277 48 281 90 175 168 225 216 210 222 14 59 56 57 105 50 247 22 118 17 135 58 21 107 208 133 155 11 303 161 52 77 127 235 242 277 305 177 96 159 171 31 10 239 142 93 21 77 204 106 267 26 219 185 117 195 128 99 40 37 87 32 95 152 76 177 213 222 6 243 256 187 251 13 241 196 90 189 4 271 112 237 240 58 172 104 101 245 35 97 250 178 191 239 154 207 262 75 175 229 68 31 197 125 270 187 91 140 177 302 136 315 141 116 72 117 228 4 91 107 218 1 263 19 134 51 62 74 203 246 75 168 162 263 30 133 105 264 105 13 137 50 130 74 5 29 279 227 217 42 178 236 69 189 73 100 269 121 172 4 255 53 55 238 278 174 158 158 70 196 246 132 120 126 90 307 84 62 75 196 86 194 214 5 141 154 25 268 119 289 128 195 145 171 144 83 55 205 50 238 93 67 209 26 293 175 109 179 299 217 222 67 142 195 100 176 188 103 88 170 51 96 57 245 41 60 169 21 56 121 23 55 149 206 166 166 223 194 14 31 
./data/gc_20_1 csp_1000 3
1 0 1 1 1 0 1 2 1 0 1 2 1 0 0 1 0 0 0 1 
./data/gc_1000_1 greedy 30
0 0 22 13 10 25 17 4 3 16 6 10 18 22 19 20 9 16 24 9 3 4 16 19 24 18 7 18 23 18 8 18 22 5 7 7 25 17 18 1 26 6 22 12 17 21 8 15 14 0 11 0 12 12 21 23 22 17 16 25 13 23 15 22 14 10 26 15 16 18 17 9 0 20 12 19 3 24 20 4 18 11 2 1 4 9 27 6 2 8 11 7 5 20 0 16 1 10 6 21 14 12 9 13 10 16 23 24 19 1 5 22 4 20 14 1 21 6 7 3 10 1 18 17 5 1 12 11 2 9 17 6 9 13 11 15 11 0 14 12 5 0 3 11 1 21 13 5 3 25 13 19 8 6 12 26 1 26 21 4 21 5 19 14 11 15 8 10 13 1 10 7 22 8 14 11 7 9 21 11 10 1 25 27 13 8 5 2 0 7 19 5 7 12 9 12 1 2 13 12 10 10 13 8 21 13 2 5 21 11 6 14 22 10 0 8 21 17 20 17 0 2 1 13 8 4 20 6 4 13 0 17 2 16 23 4 3 12 8 14 23 15 8 16 23 19 4 23 14 4 0 21 13 7 15 23 7 21 0 15 24 13 11 3 11 16 8 28 16 20 1 3 6 10 21 12 9 15 17 10 2 22 6 10 8 6 27 16 15 19 6 15 27 0 3 13 7 10 14 26 24 12 2 21 23 23 12 18 11 8 9 2 16 5 1 7 18 19 4 22 1 10 0 12 2 13 6 11 2 14 11 9 15 9 21 18 2 24 15 21 14 12 25 21 14 8 22 19 9 20 20 11 18 4 12 19 10 4 5 15 23 4 12 9 14 21 7 9 11 2 2 24 6 3 2 2 3 18 24 12 16 17 2 7 19 3 13 16 8 0 17 13 8 9 18 10 16 4 27 25 5 14 18 17 23 0 20 20 17 26 17 24 23 13 16 3 7 24 16 20 8 12 5 15 12 25 26 22 22 7 4 15 21 1 5 5 9 14 19 4 17 16 11 11 5 15 6 15 22 6 14 7 7 21 10 10 16 6 9 11 20 6 3 7 24 10 23 10 24 4 2 5 27 23 8 13 22 6 27 7 1 2 10 14 9 23 9 1 26 20 5 7 15 19 19 7 10 17 3 2 9 6 10 23 3 13 5 13 18 19 1 6 21 27 19 4 3 16 4 7 20 25 18 19 16 1 12 0 11 5 25 17 21 10 23 15 13 1 8 16 7 8 22 21 3 21 12 8 0 13 12 11 14 2 8 13 2 20 18 24 15 5 7 17 8 9 13 10 17 6 9 20 12 2 12 19 19 6 0 16 21 2 5 21 1 22 16 19 16 5 7 22 23 23 24 23 18 5 3 18 12 1 5 20 4 25 15 20 8 21 12 3 21 4 25 7 16 8 16 14 4 18 5 15 14 20 7 0 0 16 26 20 17 9 14 11 12 15 1 10 20 18 23 22 0 0 13 2 11 8 4 4 15 19 22 25 17 3 6 15 12 5 17 3 15 2 11 25 8 8 24 11 20 14 18 9 14 11 19 9 18 21 9 20 17 19 3 16 0 6 10 2 18 29 23 26 25 15 1 18 16 6 22 13 21 9 16 6 3 9 2 13 12 5 13 5 3 26 15 24 15 20 13 7 15 19 18 0 16 4 15 22 25 6 3 13 3 14 16 7 14 26 6 9 13 3 15 20 15 15 8 19 4 12 0 11 7 1 17 25 10 8 21 14 11 6 22 3 8 20 21 26 24 10 18 8 10 19 12 19 12 14 6 25 2 19 1 6 3 9 7 6 23 1 13 4 8 3 18 22 8 7 6 5 18 8 4 1 18 6 10 9 11 1 11 10 1 26 24 4 17 17 1 17 1 4 20 0 10 6 11 11 14 4 0 7 3 21 19 7 14 13 12 23 25 19 4 21 14 23 3 11 0 8 3 9 6 16 11 6 1 1 17 1 2 22 20 2 22 13 14 4 18 21 2 15 20 4 7 3 8 8 15 15 12 20 19 16 11 16 21 11 20 13 4 3 22 0 7 10 26 7 10 15 11 20 2 5 23 26 1 1 4 0 18 7 9 9 17 10 18 2 14 20 22 0 26 21 5 0 9 5 9 27 9 8 24 5 2 0 11 5 20 10 14 17 23 9 7 3 21 2 25 13 0 14 7 4 10 15 13 8 1 19 17 9 2 4 0 1 12 20 5 1 0 24 6 24 5 21 3 0 22 8 12 18 14 8 16 22 5 22 23 17 17 8 3 19 13 2 
./data/gc_1000_1 greedy 30
0 0 22 13 10 25 17 4 3 16 6 10 18 22 19 20 9 16 24 9 3 4 16 19 24 18 7 18 23 18 8 18 22 5 7 7 25 17 18 1 26 6 22 12 17 21 8 15 14 0 11 0 12 12 21 23 22 17 16 25 13 23 15 22 14 10 26 15 16 18 17 9 0 20 12 19 3 24 20 4 18 11 2 1 4 9 27 6 2 8 11 7 5 20 0 16 1 10 6 21 14 12 9 13 10 16 23 24 19 1 5 22 4 20 14 1 21 6 7 3 10 1 18 17 5 1 12 11 2 9 17 6 9 13 11 15 11 0 14 12 5 0 3 11 1 21 13 5 3 25 13 19 8 6 12 26 1 26 21 4 21 5 19 14 11 15 8 10 13 1 10 7 22 8 14 11 7 9 21 11 10 1 25 27 13 8 5 2 0 7 19 5 7 12 9 12 1 2 13 12 10 10 13 8 21 13 2 5 21 11 6 14 22 10 0 8 21 17 20 17 0 2 1 13 8 4 20 6 4 13 0 17 2 16 23 4 3 12 8 14 23 15 8 16 23 19 4 23 14 4 0 21 13 7 15 23 7 21 0 15 24 13 11 3 11 16 8 28 16 20 1 3 6 10 21 12 9 15 17 10 2 22 6 10 8 6 27 16 15 19 6 15 27 0 3 13 7 10 14 26 24 12 2 21 23 23 12 18 11 8 9 2 16 5 1 7 18 19 4 22 1 10 0 12 2 13 6 11 2 14 11 9 15 9 21 18 2 24 15 21 14 12 25 21 14 8 22 19 9 20 20 11 18 4 12 19 10 4 5 15 23 4 12 9 14 21 7 9 11 2 2 24 6 3 2 2 3 18 24 12 16 17 2 7 19 3 13 16 8 0 17 13 8 9 18 10 16 4 27 25 5 14 18 17 23 0 20 20 17 26 17 24 23 13 16 3 7 24 16 20 8 12 5 15 12 25 26 22 22 7 4 15 21 1 5 5 9 14 19 4 17 16 11 11 5 15 6 15 22 6 14 7 7 21 10 10 16 6 9 11 20 6 3 7 24 10 23 10 24 4 2 5 27 23 8 13 22 6 27 7 1 2 10 14 9 23 9 1 26 20 5 7 15 19 19 7 10 17 3 2 9 6 10 23 3 13 5 13 18 19 1 6 21 27 19 4 3 16 4 7 20 25 18 19 16 1 12 0 11 5 25 17 21 10 23 15 13 1 8 16 7 8 22 21 3 21 12 8 0 13 12 11 14 2 8 13 2 20 18 24 15 5 7 17 8 9 13 10 17 6 9 20 12 2 12 19 19 6 0 16 21 2 5 21 1 22 16 19 16 5 7 22 23 23 24 23 18 5 3 18 12 1 5 20 4 25 15 20 8 21 12 3 21 4 25 7 16 8 16 14 4 18 5 15 14 20 7 0 0 16 26 20 17 9 14 11 12 15 1 10 20 18 23 22 0 0 13 2 11 8 4 4 15 19 22 25 17 3 6 15 12 5 17 3 15 2 11 25 8 8 24 11 20 14 18 9 14 11 19 9 18 21 9 20 17 19 3 16 0 6 10 2 18 29 23 26 25 15 1 18 16 6 22 13 21 9 16 6 3 9 2 13 12 5 13 5 3 26 15 24 15 20 13 7 15 19 18 0 16 4 15 22 25 6 3 13 3 14 16 7 14 26 6 9 13 3 15 20 15 15 8 19 4 12 0 11 7 1 17 25 10 8 21 14 11 6 22 3 8 20 21 26 24 10 18 8 10 19 12 19 12 14 6 25 2 19 1 6 3 9 7 6 23 1 13 4 8 3 18 22 8 7 6 5 18 8 4 1 18 6 10 9 11 1 11 10 1 26 24 4 17 17 1 17 1 4 20 0 10 6 11 11 14 4 0 7 3 21 19 7 14 13 12 23 25 19 4 21 14 23 3 11 0 8 3 9 6 16 11 6 1 1 17 1 2 22 20 2 22 13 14 4 18 21 2 15 20 4 7 3 8 8 15 15 12 20 19 16 11 16 21 11 20 13 4 3 22 0 7 10 26 7 10 15 11 20 2 5 23 26 1 1 4 0 18 7 9 9 17 10 18 2 14 20 22 0 26 21 5 0 9 5 9 27 9 8 24 5 2 0 11 5 20 10 14 17 23 9 7 3 21 2 25 13 0 14 7 4 10 15 13 8 1 19 17 9 2 4 0 1 12 20 5 1 0 24 6 24 5 21 3 0 22 8 12 18 14 8 16 22 5 22 23 17 17 8 3 19 13 2 
./data/gc_1000_3 greedy 73
37 25 44 31 21 24 64 16 47 11 9 40 53 63 69 35 65 48 42 41 35 39 47 63 58 35 4 71 17 5 30 40 59 4 67 3 18 8 48 48 11 15 57 61 33 44 66 29 12 7 10 40 51 24 22 33 62 32 30 46 56 61 50 19 44 21 21 2 65 10 13 55 3 48 17 8 45 60 18 13 28 30 21 63 61 33 49 6 14 68 27 47 7 8 36 23 44 16 20 42 58 32 40 57 42 62 16 22 27 37 28 12 17 8 42 34 48 12 13 33 19 20 45 5 12 7 37 34 9 5 48 45 27 49 0 34 5 62 35 59 29 49 51 45 45 4 53 70 64 60 9 5 41 18 22 50 6 46 66 25 32 26 7 45 27 24 22 36 18 28 36 42 13 1 4 55 9 66 37 51 17 38 5 60 58 54 56 45 8 69 20 10 46 1 62 43 26 62 67 31 53 7 15 21 39 15 70 6 14 1 9 64 56 26 3 32 18 4 3 31 62 20 62 36 7 58 41 52 24 0 63 0 7 19 52 4 66 44 19 63 13 24 41 53 18 26 41 47 20 51 44 63 22 9 43 7 29 17 35 16 52 65 45 4 17 61 38 64 38 24 32 15 71 61 52 31 38 11 24 40 18 28 21 47 44 1 5 43 56 13 45 6 54 5 31 62 7 55 71 11 9 46 25 42 61 43 43 12 59 66 0 28 18 0 17 20 0 27 41 4 56 40 53 10 50 31 2 63 61 30 50 60 68 39 19 56 6 24 47 47 65 44 70 34 14 70 12 45 12 26 30 41 68 1 25 23 64 8 19 57 50 42 31 28 49 34 41 0 21 16 42 41 20 7 47 66 8 54 59 22 54 40 61 41 35 58 46 18 55 35 65 43 24 9 6 37 59 6 9 50 58 54 37 30 36 12 7 49 36 19 32 28 8 3 51 23 18 0 37 2 19 36 40 18 15 30 49 67 6 54 6 2 25 52 59 38 44 12 47 2 40 15 59 68 11 39 39 8 3 44 10 31 27 16 40 46 2 14 49 6 27 14 42 32 8 49 65 31 14 7 11 60 53 59 70 26 15 58 38 35 64 36 6 34 39 12 9 51 23 57 31 32 50 56 70 64 1 20 7 14 30 22 55 34 63 69 9 13 1 50 30 61 23 27 37 29 1 11 43 11 66 55 30 16 22 49 68 6 26 30 26 43 12 25 43 47 36 19 25 54 34 19 25 17 10 15 67 32 33 42 23 36 13 68 46 52 10 29 15 47 7 11 10 56 50 4 37 59 37 21 64 34 66 4 40 48 4 56 8 15 2 14 3 12 51 27 31 62 11 30 34 27 7 38 12 51 12 50 53 5 54 2 29 1 15 34 42 2 65 60 33 21 56 28 2 9 34 14 48 44 57 46 29 18 34 52 3 35 26 13 33 53 26 5 34 2 29 31 16 35 20 20 48 54 39 16 24 63 18 42 15 21 28 22 1 21 19 16 50 26 47 7 18 24 1 25 52 59 29 29 13 46 10 53 49 14 39 26 24 38 19 20 28 39 16 35 38 54 51 67 21 69 60 20 23 11 23 22 16 51 5 27 0 20 10 10 3 54 45 22 3 60 56 6 51 1 23 26 9 30 31 55 62 5 24 51 45 9 50 63 34 57 60 44 49 57 16 2 1 64 39 23 25 43 5 25 30 58 43 45 59 15 57 67 17 44 4 27 67 33 17 29 49 2 10 9 49 18 44 33 57 25 2 33 59 13 64 68 21 7 12 27 41 45 38 5 16 46 22 43 0 36 53 24 22 39 50 55 66 0 33 19 48 43 26 0 3 41 41 63 55 8 28 44 35 44 11 19 27 55 36 72 4 13 56 35 14 17 38 54 38 28 58 15 59 47 20 10 32 24 29 37 48 43 60 23 20 37 71 15 3 29 6 4 53 69 55 25 41 38 52 36 30 20 36 69 10 35 14 23 61 70 14 37 63 32 31 22 31 0 28 54 11 8 69 29 32 54 45 58 39 29 27 17 25 58 13 3 11 35 29 57 17 3 39 5 28 26 57 1 64 9 25 69 31 44 13 49 13 46 53 67 40 38 23 46 22 22 65 61 8 8 33 1 16 64 57 67 31 23 42 33 32 51 30 6 17 22 11 58 46 42 40 28 27 52 71 17 52 19 38 36 0 52 14 33 68 3 65 38 14 43 29 53 50 52 13 48 32 55 41 17 21 4 43 6 8 50 47 43 46 9 37 28 32 15 27 3 56 50 
./data/gc_1000_5 greedy 121
35 102 68 1 21 56 31 7 46 18 65 14 10 77 90 110 40 19 16 82 95 19 83 23 34 28 22 27 26 103 51 101 102 71 42 114 11 3 1 58 42 29 71 90 3 55 66 14 7 79 118 91 91 30 68 90 77 35 28 53 70 99 114 90 72 106 39 2 50 104 78 30 44 107 81 50 70 22 41 6 36 75 56 5 18 104 96 55 62 22 92 29 95 67 23 61 101 57 7 74 66 40 55 106 26 41 89 0 64 64 80 95 44 25 29 63 7 92 62 53 61 107 87 100 88 34 102 101 59 48 97 40 55 86 8 97 56 87 78 60 26 76 3 59 25 1 63 33 69 42 52 100 5 30 98 54 19 79 99 91 68 91 119 85 31 71 83 3 56 47 56 14 42 39 45 81 84 26 39 25 12 51 100 21 3 7 20 115 71 95 50 87 32 74 9 89 45 55 68 97 31 81 2 110 8 15 11 102 59 93 99 39 32 116 26 6 28 38 15 29 63 67 83 25 31 63 43 37 15 8 45 73 28 55 105 43 111 24 45 14 47 33 86 59 78 58 63 71 20 88 61 19 64 10 44 105 67 86 10 92 15 115 77 65 29 104 30 50 18 28 43 4 97 6 88 69 30 94 103 91 54 85 4 55 57 89 48 54 90 1 105 53 0 88 87 56 80 77 9 107 49 84 101 64 94 36 13 45 4 28 73 10 76 50 45 74 108 27 6 75 12 18 34 21 96 62 73 85 81 110 107 62 60 57 54 90 76 52 90 118 108 6 95 60 44 88 51 20 93 11 50 81 21 73 0 74 85 94 80 9 7 21 36 33 58 10 77 24 5 41 0 99 59 91 99 84 115 70 72 29 86 44 13 38 114 4 23 1 26 11 103 63 81 57 73 108 56 7 66 9 108 11 16 60 91 35 27 31 90 31 11 48 15 23 27 98 77 66 13 76 79 35 20 17 85 11 24 93 92 23 8 88 51 99 4 94 58 106 35 61 31 2 38 98 70 30 2 118 111 52 2 105 30 29 0 1 109 53 13 12 96 49 86 67 101 64 27 17 100 3 32 9 42 72 72 52 23 69 115 51 46 109 87 20 8 34 92 75 16 42 48 110 30 13 85 87 64 86 70 6 70 37 43 104 68 84 49 13 43 32 79 96 49 46 84 54 53 41 37 7 92 59 33 6 3 36 84 3 97 16 13 99 19 61 83 51 76 62 2 25 89 53 36 53 5 67 69 94 6 14 19 82 63 6 63 113 42 108 75 56 27 4 82 9 79 89 71 61 66 110 24 66 38 81 116 106 74 21 113 1 103 45 17 72 60 70 78 111 1 7 33 17 24 6 73 64 65 67 74 30 72 88 114 73 106 49 34 5 20 10 112 119 37 97 74 96 47 67 104 96 78 65 28 36 23 40 80 86 106 5 12 77 109 116 22 66 37 17 27 0 32 35 52 39 41 13 99 21 84 20 58 16 58 73 81 16 60 117 71 107 66 29 76 95 25 58 46 43 51 19 78 48 83 7 78 47 40 79 60 8 38 13 12 53 102 79 41 107 72 54 29 114 80 10 22 115 83 25 48 94 57 94 18 69 111 120 61 76 4 88 42 53 57 110 52 3 87 16 9 31 93 37 37 68 19 8 100 41 39 19 45 67 0 65 93 83 117 46 49 74 40 79 78 56 112 16 16 76 100 17 55 15 4 22 10 120 7 104 21 43 28 44 92 96 78 58 87 40 50 44 49 44 0 70 107 66 41 69 62 102 57 84 6 47 37 18 112 69 9 104 34 3 8 39 34 20 98 44 64 54 70 101 59 67 81 10 111 17 14 119 4 93 33 73 47 12 24 11 57 22 18 23 30 65 93 26 75 4 85 47 35 83 37 101 10 11 53 61 91 80 83 15 92 95 75 71 82 25 82 59 38 84 25 88 43 89 17 36 28 5 12 50 58 27 46 95 109 35 82 24 75 40 47 43 62 27 18 46 103 33 2 49 40 113 45 63 52 12 12 74 98 108 21 1 29 18 89 32 103 9 17 81 47 10 28 26 85 46 115 82 113 60 72 36 86 21 69 79 100 57 15 33 25 5 58 94 22 52 63 34 0 105 35 14 65 54 37 5 99 46 14 12 54 41 40 77 101 51 65 9 62 34 22 18 97 38 112 38 32 94 9 75 102 52 15 68 113 2 36 48 32 0 54 44 26 14 19 68 80 61 48 80 42 39 39 48 20 22 24 43 96 51 26 28 111 83 82 109 14 98 
./data/gc_1000_7 greedy 193
101 34 173 4 33 78 0 117 47 181 150 58 32 91 163 44 20 137 45 136 72 154 60 15 174 74 172 118 5 38 104 148 28 163 185 26 95 44 57 43 131 139 143 143 26 135 112 101 27 10 58 80 38 68 80 42 173 77 133 40 9 133 107 131 108 76 18 114 21 176 89 13 81 153 168 161 50 5 146 67 80 30 98 66 154 42 55 31 128 62 34 114 183 151 93 39 6 79 95 70 147 61 58 137 174 130 11 139 59 84 15 92 35 89 166 187 120 41 168 21 16 50 145 57 153 99 66 74 30 101 18 83 41 149 81 21 121 91 174 23 187 186 51 67 61 180 90 63 140 38 22 116 57 81 70 156 171 149 128 95 111 110 97 161 50 56 24 14 83 94 61 0 177 47 166 107 2 96 71 173 1 146 19 161 122 29 28 87 104 115 170 10 105 32 9 116 14 48 73 132 121 169 44 3 58 59 7 153 171 79 116 68 34 122 155 134 142 26 188 66 4 35 100 84 29 111 44 71 169 77 55 57 124 18 182 165 47 48 129 154 132 88 149 121 10 26 162 10 23 144 158 46 64 144 26 17 85 149 43 74 84 125 32 92 108 157 12 9 170 65 106 102 7 75 0 158 108 76 77 140 64 93 78 130 22 159 3 110 63 6 39 31 143 68 60 113 180 140 120 172 115 117 82 65 80 89 132 125 25 117 136 83 134 105 148 34 110 181 27 17 82 16 70 51 100 41 106 125 28 25 138 62 89 51 6 11 1 59 151 185 47 165 33 40 158 135 182 106 25 57 176 70 98 99 129 176 87 183 104 35 12 2 141 27 24 94 55 179 185 11 182 23 141 153 62 122 8 69 179 191 139 65 116 148 52 116 124 142 145 129 98 152 132 61 109 42 119 43 100 143 78 184 168 27 105 120 120 103 150 97 103 110 8 152 121 65 82 64 114 114 24 55 142 131 36 30 148 146 151 136 28 92 125 180 94 149 159 60 2 33 39 165 41 170 115 76 92 179 183 157 54 187 135 103 33 107 156 56 140 27 190 34 112 123 176 71 99 84 17 28 159 8 103 54 137 17 113 131 173 99 12 109 146 141 32 139 123 38 43 35 123 43 166 23 53 41 63 9 37 5 5 90 83 4 148 102 11 62 16 29 75 142 64 46 169 14 94 127 97 119 19 118 21 127 1 177 156 82 126 144 172 130 91 188 79 37 59 28 74 178 36 30 45 87 156 6 56 105 51 177 47 2 128 128 81 130 82 100 24 119 2 53 159 95 41 65 20 39 136 25 132 115 17 122 120 161 7 36 23 0 145 22 100 1 158 114 174 118 45 47 90 129 7 138 53 88 147 113 73 7 172 32 52 128 150 86 186 124 145 93 100 84 106 106 54 159 15 31 166 97 178 150 135 64 175 14 69 103 40 79 168 55 20 119 150 80 3 42 102 178 52 48 109 72 90 37 86 73 87 25 68 121 22 19 157 2 112 159 192 81 142 103 85 46 33 25 124 12 80 16 88 164 76 45 160 77 89 30 108 126 0 88 19 50 33 117 127 156 4 59 67 123 10 66 81 189 165 17 49 19 102 97 109 60 63 78 77 29 144 58 36 88 178 138 40 96 12 51 134 157 156 164 162 42 91 11 74 171 63 162 158 172 182 87 178 126 186 113 76 8 53 164 35 138 24 72 125 32 49 4 69 79 126 42 6 104 77 117 39 69 91 119 88 189 71 93 160 26 27 123 115 96 157 8 89 101 162 104 86 40 107 13 86 141 16 72 44 43 114 36 151 170 92 75 147 95 112 3 163 137 4 154 56 136 95 61 69 78 77 50 16 125 112 3 101 4 160 134 13 52 1 29 126 111 162 57 96 167 13 53 96 56 169 155 22 36 181 140 15 147 137 15 96 71 175 11 94 117 85 133 75 9 94 72 110 122 72 21 18 85 118 46 167 52 143 152 142 54 74 35 26 44 96 49 139 62 39 40 37 58 40 14 54 113 85 48 94 71 164 136 98 73 164 68 6 170 31 175 22 8 61 90 134 31 145 150 97 82 133 49 18 186 101 118 155 68 52 158 10 45 76 46 68 46 81 151 24 66 130 84 3 83 75 167 51 20 181 75 184 177 86 146 160 60 135 108 80 133 155 50 130 127 49 163 48 38 138 45 111 172 69 111 37 107 30 104 153 38 144 67 21 67 73 93 164 59 131 5 99 13 12 180 165 75 125 109 91 163 14 106 122 70 102 49 43 105 20 54 136 37 
./data/gc_1000_9 csp_312 312
35 263 157 161 240 267 143 291 2 116 108 39 303 99 304 177 264 207 5 241 45 107 30 212 102 7 105 275 273 131 136 117 267 108 73 272 268 263 207 74 279 135 44 107 255 104 199 94 15 250 134 121 4 84 43 189 144 153 228 199 233 219 311 170 217 258 28 204 288 131 69 34 34 18 114 309 66 168 158 195 31 118 292 33 196 274 95 183 73 240 79 78 13 285 275 22 142 20 27 275 208 46 229 209 39 65 178 112 215 112 272 145 185 57 301 0 50 258 163 216 271 67 210 132 138 244 192 77 309 75 197 85 269 241 242 146 42 196 195 259 36 280 212 22 118 14 211 252 212 282 93 130 57 90 113 127 83 123 250 215 198 304 94 224 276 103 55 147 236 12 72 5 270 277 179 1 27 234 10 299 86 40 214 124 297 152 51 224 86 200 47 157 131 51 180 198 253 157 32 198 98 222 230 70 81 100 49 54 271 231 254 240 48 298 103 28 169 60 215 16 17 25 278 170 148 66 52 168 226 174 213 155 96 149 82 56 168 97 218 149 15 36 158 7 156 190 182 181 135 100 3 14 239 87 77 25 302 52 225 103 209 186 164 84 257 143 115 201 19 13 196 167 243 140 121 104 105 14 1 115 141 119 141 130 176 147 104 260 42 223 228 281 33 10 3 224 275 58 83 246 56 80 136 210 73 57 274 23 101 40 206 231 278 2 164 118 276 57 119 306 207 15 179 259 158 12 208 159 106 28 132 74 180 232 140 251 107 22 41 279 108 266 120 242 178 11 261 29 110 218 232 213 277 170 187 285 92 88 173 225 181 233 182 171 160 144 109 17 67 20 66 11 24 269 47 22 142 147 294 187 175 169 97 85 183 220 235 142 89 189 137 90 110 58 98 296 168 280 106 72 282 122 155 31 63 13 305 62 216 220 23 111 238 154 39 62 290 214 199 161 78 253 297 38 91 310 4 237 214 61 124 282 242 6 276 75 255 179 81 2 306 108 219 110 209 139 90 84 87 26 176 162 47 150 295 291 41 24 184 171 284 262 24 239 82 121 8 92 133 67 55 251 197 68 76 200 147 91 51 11 293 59 201 218 247 10 131 134 101 71 244 80 111 289 165 156 184 7 256 98 229 234 77 42 20 227 25 217 102 248 261 175 132 6 206 262 96 263 5 165 100 33 231 181 307 29 122 26 310 172 151 180 8 235 105 121 295 123 135 260 166 202 151 226 171 19 41 296 59 152 268 193 45 102 297 284 279 190 191 259 89 288 211 70 96 68 129 255 46 136 270 189 117 283 42 309 89 236 264 215 34 182 230 284 112 45 44 69 99 302 260 248 4 109 124 238 16 185 256 133 190 234 163 109 1 2 152 27 144 308 164 125 195 185 126 294 266 37 194 93 220 267 162 311 208 133 229 237 53 43 48 136 101 273 137 245 35 76 77 203 153 166 201 298 290 161 227 183 264 246 48 151 0 71 95 173 171 165 254 191 87 183 88 169 252 20 222 58 54 6 21 277 12 246 258 160 216 192 139 285 84 307 186 126 78 32 288 159 30 249 9 154 253 88 193 130 69 176 111 201 85 257 94 0 191 298 70 122 60 203 123 120 151 300 145 50 287 36 9 159 17 153 61 202 204 37 226 307 249 11 47 15 172 138 79 295 137 54 173 185 31 138 155 280 265 16 23 268 232 252 100 234 205 49 112 193 177 48 174 213 117 68 286 92 300 175 265 227 192 235 18 61 62 46 302 225 248 26 134 113 119 63 21 114 292 139 167 50 52 19 52 80 278 266 174 270 110 194 89 166 245 81 12 292 154 115 35 122 214 102 271 32 60 186 126 205 232 95 43 97 93 37 150 146 30 106 238 244 8 299 208 203 97 19 210 217 305 127 145 281 206 247 221 63 108 113 117 254 40 223 190 186 218 248 49 211 228 64 179 243 71 219 199 187 230 193 101 308 116 249 256 180 299 125 66 148 237 3 249 167 228 1 261 21 79 53 220 75 202 235 74 148 160 289 29 128 127 269 99 196 221 55 146 72 9 239 217 233 272 39 177 148 293 188 76 184 166 116 174 303 245 128 124 247 212 188 125 139 60 197 216 140 128 141 132 16 38 82 178 204 236 65 169 18 200 194 286 273 149 283 142 250 154 162 156 85 59 222 161 262 163 68 226 44 241 123 129 192 301 287 91 72 150 188 114 223 205 115 14 176 53 178 46 257 64 83 172 24 56 143 65 64 251 251 86 221 266 129 120 38 
./data/gc_100_1 greedy 6
1 3 4 2 4 0 2 3 0 1 3 1 3 1 2 1 0 2 4 4 3 1 2 5 4 2 1 3 0 3 3 2 2 2 3 3 1 5 3 4 4 3 2 2 0 2 2 0 4 0 1 1 5 3 3 3 2 4 4 0 1 1 1 0 4 2 1 1 3 4 2 0 4 0 4 4 1 3 2 0 0 2 1 1 4 1 4 4 0 4 0 0 2 0 1 0 1 0 1 4 
./data/gc_100_3 greedy 13
9 7 2 4 3 3 9 0 2 7 3 3 6 4 7 9 5 0 1 4 4 8 2 5 3 0 0 4 5 6 9 6 10 0 10 0 10 5 5 9 11 4 7 6 2 0 4 4 8 9 3 6 4 7 5 1 3 9 8 5 1 11 12 8 8 9 1 3 1 10 5 1 3 2 4 5 6 3 8 2 6 2 7 7 11 7 11 6 0 3 1 8 2 1 6 8 8 0 8 4 
./data/gc_100_5 greedy 20
8 8 6 6 1 12 2 8 13 3 12 5 0 18 15 2 4 1 10 13 9 3 14 12 16 9 7 8 13 0 5 0 6 5 4 17 11 1 16 9 1 13 6 7 7 14 11 12 3 16 7 6 15 15 4 0 3 6 5 2 4 17 9 16 3 4 2 5 16 2 4 7 3 0 11 17 12 9 15 12 14 11 2 5 10 16 7 10 8 11 10 4 1 8 16 18 2 10 19 9 
./data/gc_100_7 csp_26 26
2 18 4 21 15 7 20 19 0 9 21 17 20 23 3 21 7 12 12 12 10 22 22 15 1 1 25 18 18 3 23 19 4 20 2 8 22 24 21 3 4 10 17 13 19 14 15 2 6 14 9 24 6 16 5 5 0 20 10 25 9 22 7 8 5 24 20 3 10 2 8 8 17 12 0 15 9 2 13 1 1 5 18 23 7 25 6 23 11 6 14 13 11 24 11 13 16 14 4 16 
./data/gc_100_9 csp_42 42
16 24 4 24 14 25 26 29 33 41 32 13 19 35 38 31 1 2 15 7 39 7 34 14 40 5 7 36 27 8 28 34 8 40 15 31 10 13 29 17 41 27 35 20 21 6 28 18 3 30 22 19 24 2 0 36 9 0 3 4 12 37 9 21 39 30 16 38 37 33 5 31 22 32 10 26 22 41 16 11 9 11 17 27 18 18 12 23 15 6 8 19 20 17 23 13 38 1 25 39 
./data/gc_20_1 greedy 3
1 0 1 1 1 0 1 2 1 1 1 2 0 0 0 1 0 0 0 1 
./data/gc_20_3 greedy 5
0 1 2 0 3 3 0 1 4 2 0 1 1 3 1 1 1 1 0 2 
./data/gc_20_5 greedy 7
5 4 3 4 4 0 1 6 0 3 0 3 3 0 6 2 1 1 2 2 
./data/gc_20_7 greedy 8
5 1 4 4 7 7 6 3 1 1 2 0 2 6 5 3 3 2 0 5 
./data/gc_20_9 greedy 11
3 8 2 7 3 5 1 6 5 1 9 0 10 4 6 10 6 8 2 4 
./data/gc_250_1 greedy 11
0 7 1 9 5 2 6 0 8 3 8 6 2 1 4 2 5 0 0 2 6 0 7 3 7 2 6 7 7 10 2 7 2 3 2 0 0 3 1 10 7 6 5 2 6 3 9 3 8 3 5 6 4 8 2 1 3 4 6 4 1 2 3 9 8 1 5 4 3 10 0 4 1 1 4 1 6 6 4 8 8 7 7 6 8 3 0 5 2 4 0 8 2 2 6 1 4 5 7 9 4 0 1 4 7 1 2 4 0 7 8 6 7 8 6 1 10 0 5 8 1 5 1 1 6 1 1 3 2 2 4 3 4 2 7 4 1 2 0 6 6 7 4 6 4 7 3 2 5 1 5 4 6 6 9 5 0 2 1 7 4 3 3 5 9 5 7 9 4 3 0 3 4 1 3 0 8 5 5 9 4 5 0 6 8 1 1 9 4 3 5 5 0 5 4 5 8 6 3 9 3 4 0 4 3 3 3 1 9 1 1 6 4 7 9 3 2 8 8 7 3 3 9 9 5 5 2 6 4 7 1 5 0 3 2 2 6 2 1 2 0 0 2 6 5 5 4 0 4 0 
./data/gc_250_3 csp_24 24
10 15 21 0 10 4 20 6 17 9 14 14 6 16 18 2 5 3 17 12 3 1 7 11 6 0 15 0 3 11 10 7 12 8 15 0 12 8 11 5 15 2 18 2 0 6 19 3 8 19 9 10 10 20 20 12 8 4 3 8 1 13 20 2 10 13 4 13 4 2 17 9 7 6 5 2 5 7 14 0 15 18 9 21 6 16 19 5 21 1 3 7 0 4 7 17 15 11 4 8 17 5 21 13 10 18 4 1 2 5 7 22 18 6 5 19 18 10 20 13 9 2 3 18 10 12 13 20 10 11 14 16 5 11 11 3 13 16 8 3 19 3 18 0 11 0 17 7 0 9 4 14 19 12 2 19 14 10 6 12 8 1 7 9 20 17 3 23 15 21 16 6 14 17 4 19 7 21 18 11 11 1 15 23 1 8 16 16 5 6 16 12 18 16 0 1 11 1 7 11 2 22 21 10 9 15 2 7 16 0 1 22 5 20 19 12 6 15 20 12 0 14 13 2 14 7 1 9 9 18 9 14 8 9 4 13 12 3 16 5 18 9 3 17 18 14 11 4 13 5 
./data/gc_250_5 csp_38 38
19 14 9 10 28 35 23 31 18 28 19 22 31 25 0 3 19 3 1 19 36 27 22 0 3 19 9 7 6 5 30 15 20 21 36 22 34 26 20 26 15 10 23 26 37 33 1 4 7 29 24 7 26 35 28 12 6 17 29 18 17 11 32 21 19 29 20 2 4 22 6 15 10 5 10 5 34 19 7 25 6 17 11 4 0 13 6 34 27 12 4 28 21 30 32 24 13 11 11 30 17 0 5 13 7 14 24 9 8 2 32 6 20 3 8 29 24 8 25 2 1 12 23 20 9 17 16 8 14 28 2 12 37 10 24 23 23 30 2 24 28 27 2 19 18 2 15 33 23 6 12 3 12 0 21 0 27 1 21 2 17 33 4 30 0 13 31 9 22 3 5 36 8 14 15 16 26 15 25 7 8 3 18 37 27 16 21 35 11 27 9 29 11 32 12 14 27 25 5 14 13 37 3 30 18 1 25 26 1 4 26 17 6 7 20 15 28 10 30 21 0 18 29 15 35 25 31 4 2 16 18 29 20 17 5 1 22 13 22 16 33 31 25 23 9 10 33 26 13 9 
./data/gc_250_7 csp_59 59
35 19 50 12 1 9 11 25 26 45 39 23 2 50 12 25 47 28 26 33 10 14 26 37 16 31 13 29 46 52 41 51 24 7 43 18 54 6 32 39 7 12 46 46 44 1 1 42 43 40 45 0 2 22 33 13 21 9 14 47 38 15 48 56 3 13 32 19 16 30 11 18 39 37 38 30 30 34 57 10 16 32 36 15 14 9 4 35 35 12 52 12 37 8 36 31 3 27 33 2 44 54 38 17 39 9 4 14 13 52 29 58 18 30 56 50 24 6 41 51 23 9 40 6 50 57 48 32 8 1 3 7 48 57 47 11 3 32 48 5 35 53 0 34 7 52 1 39 28 20 15 21 24 29 26 28 17 30 21 8 5 14 42 27 33 23 2 7 21 22 20 25 25 54 23 15 0 39 10 31 20 40 51 34 16 43 30 5 35 6 28 40 33 55 30 20 21 17 10 53 22 29 4 5 4 35 43 47 47 19 16 22 31 36 18 41 41 17 3 27 0 11 24 56 49 22 55 58 37 34 49 41 28 10 46 44 42 23 53 19 25 19 29 2 40 5 11 24 45 17 
./data/gc_250_9 greedy 96
95 59 29 58 74 40 11 93 49 7 56 5 14 81 52 87 74 88 79 37 9 19 80 18 11 57 0 68 33 47 7 76 28 12 51 39 32 65 27 39 64 6 83 71 38 73 27 53 93 41 21 36 64 46 84 24 33 32 66 82 10 75 59 8 86 38 68 56 18 2 13 23 50 55 90 52 94 54 37 67 2 66 72 34 4 36 61 35 54 82 85 78 10 85 81 71 23 45 15 34 67 25 6 27 16 44 77 80 62 90 10 43 44 16 70 9 30 86 87 91 8 49 42 18 79 1 9 66 19 78 46 6 78 65 55 12 20 42 68 50 22 53 89 64 92 57 45 27 63 63 8 4 42 17 62 14 61 21 67 75 7 57 58 72 55 60 15 58 1 21 69 89 17 34 41 35 16 70 88 33 20 43 23 26 52 26 24 61 48 42 17 84 54 5 46 29 11 38 30 24 25 13 61 40 59 51 20 50 81 73 2 69 4 31 83 3 36 92 88 31 3 32 45 41 44 31 76 29 91 77 26 60 0 35 13 12 40 82 90 30 53 25 49 75 28 2 22 48 47 19 
./data/gc_4_1 greedy 2
1 0 1 1 
./data/gc_500_1 greedy 18
5 1 4 16 2 5 3 10 10 6 13 3 7 2 7 5 7 6 15 7 6 4 3 5 12 5 12 2 1 13 16 17 17 9 4 11 4 12 14 9 8 11 8 13 10 1 3 10 15 13 10 4 1 14 9 8 11 14 4 0 10 11 0 5 1 6 12 9 4 0 4 15 5 12 10 11 10 4 11 3 3 2 13 13 16 13 10 8 10 6 16 9 1 1 13 10 11 1 14 13 12 8 0 8 4 12 10 12 13 10 4 7 0 5 10 5 6 14 3 3 8 6 11 13 3 14 0 8 12 12 0 13 14 2 11 16 3 6 13 7 15 11 3 3 14 0 4 3 7 6 0 9 9 10 11 0 7 1 5 7 5 6 16 6 10 10 9 7 7 12 5 9 12 14 10 6 15 5 2 0 7 7 1 12 2 0 12 13 7 9 3 13 6 5 2 8 4 2 0 3 15 14 5 4 12 1 4 13 1 10 0 16 11 8 8 5 14 6 4 4 2 1 11 8 7 6 11 6 9 3 11 10 12 5 2 4 10 2 2 3 17 17 8 15 8 6 2 12 14 7 2 6 7 9 12 2 5 5 7 4 8 4 12 12 11 2 13 10 8 4 9 0 11 1 8 9 2 4 0 1 5 8 14 7 2 3 1 13 6 0 2 6 11 9 9 15 5 6 1 14 1 9 0 4 13 3 15 4 10 15 8 11 0 10 16 8 5 0 4 1 8 3 5 2 13 14 4 1 7 13 7 0 7 16 0 8 7 1 8 4 9 13 3 8 15 11 2 7 2 1 5 8 12 9 9 3 7 1 11 10 1 14 12 3 6 8 7 3 4 6 5 6 2 6 6 11 7 10 5 12 9 11 10 10 0 9 15 6 5 7 0 15 13 10 9 8 7 9 0 2 1 2 1 6 6 5 0 0 5 8 1 0 5 7 9 1 4 10 3 3 11 0 1 2 9 9 7 13 7 3 11 0 3 14 9 2 13 9 1 3 14 6 5 11 5 9 8 14 13 3 8 5 14 2 3 12 7 4 9 0 2 6 8 4 9 7 15 10 15 14 5 9 14 5 6 14 15 0 2 0 7 10 9 2 10 1 5 3 4 3 11 8 10 9 12 8 1 3 13 2 
./data/gc_1000_1 greedy 30
0 0 22 13 10 25 17 4 3 16 6 10 18 22 19 20 9 16 24 9 3 4 16 19 24 18 7 18 23 18 8 18 22 5 7 7 25 17 18 1 26 6 22 12 17 21 8 15 14 0 11 0 12 12 21 23 22 17 16 25 13 23 15 22 14 10 26 15 16 18 17 9 0 20 12 19 3 24 20 4 18 11 2 1 4 9 27 6 2 8 11 7 5 20 0 16 1 10 6 21 14 12 9 13 10 16 23 24 19 1 5 22 4 20 14 1 21 6 7 3 10 1 18 17 5 1 12 11 2 9 17 6 9 13 11 15 11 0 14 12 5 0 3 11 1 21 13 5 3 25 13 19 8 6 12 26 1 26 21 4 21 5 19 14 11 15 8 10 13 1 10 7 22 8 14 11 7 9 21 11 10 1 25 27 13 8 5 2 0 7 19 5 7 12 9 12 1 2 13 12 10 10 13 8 21 13 2 5 21 11 6 14 22 10 0 8 21 17 20 17 0 2 1 13 8 4 20 6 4 13 0 17 2 16 23 4 3 12 8 14 23 15 8 16 23 19 4 23 14 4 0 21 13 7 15 23 7 21 0 15 24 13 11 3 11 16 8 28 16 20 1 3 6 10 21 12 9 15 17 10 2 22 6 10 8 6 27 16 15 19 6 15 27 0 3 13 7 10 14 26 24 12 2 21 23 23 12 18 11 8 9 2 16 5 1 7 18 19 4 22 1 10 0 12 2 13 6 11 2 14 11 9 15 9 21 18 2 24 15 21 14 12 25 21 14 8 22 19 9 20 20 11 18 4 12 19 10 4 5 15 23 4 12 9 14 21 7 9 11 2 2 24 6 3 2 2 3 18 24 12 16 17 2 7 19 3 13 16 8 0 17 13 8 9 18 10 16 4 27 25 5 14 18 17 23 0 20 20 17 26 17 24 23 13 16 3 7 24 16 20 8 12 5 15 12 25 26 22 22 7 4 15 21 1 5 5 9 14 19 4 17 16 11 11 5 15 6 15 22 6 14 7 7 21 10 10 16 6 9 11 20 6 3 7 24 10 23 10 24 4 2 5 27 23 8 13 22 6 27 7 1 2 10 14 9 23 9 1 26 20 5 7 15 19 19 7 10 17 3 2 9 6 10 23 3 13 5 13 18 19 1 6 21 27 19 4 3 16 4 7 20 25 18 19 16 1 12 0 11 5 25 17 21 10 23 15 13 1 8 16 7 8 22 21 3 21 12 8 0 13 12 11 14 2 8 13 2 20 18 24 15 5 7 17 8 9 13 10 17 6 9 20 12 2 12 19 19 6 0 16 21 2 5 21 1 22 16 19 16 5 7 22 23 23 24 23 18 5 3 18 12 1 5 20 4 25 15 20 8 21 12 3 21 4 25 7 16 8 16 14 4 18 5 15 14 20 7 0 0 16 26 20 17 9 14 11 12 15 1 10 20 18 23 22 0 0 13 2 11 8 4 4 15 19 22 25 17 3 6 15 12 5 17 3 15 2 11 25 8 8 24 11 20 14 18 9 14 11 19 9 18 21 9 20 17 19 3 16 0 6 10 2 18 29 23 26 25 15 1 18 16 6 22 13 21 9 16 6 3 9 2 13 12 5 13 5 3 26 15 24 15 20 13 7 15 19 18 0 16 4 15 22 25 6 3 13 3 14 16 7 14 26 6 9 13 3 15 20 15 15 8 19 4 12 0 11 7 1 17 25 10 8 21 14 11 6 22 3 8 20 21 26 24 10 18 8 10 19 12 19 12 14 6 25 2 19 1 6 3 9 7 6 23 1 13 4 8 3 18 22 8 7 6 5 18 8 4 1 18 6 10 9 11 1 11 10 1 26 24 4 17 17 1 17 1 4 20 0 10 6 11 11 14 4 0 7 3 21 19 7 14 13 12 23 25 19 4 21 14 23 3 11 0 8 3 9 6 16 11 6 1 1 17 1 2 22 20 2 22 13 14 4 18 21 2 15 20 4 7 3 8 8 15 15 12 20 19 16 11 16 21 11 20 13 4 3 22 0 7 10 26 7 10 15 11 20 2 5 23 26 1 1 4 0 18 7 9 9 17 10 18 2 14 20 22 0 26 21 5 0 9 5 9 27 9 8 24 5 2 0 11 5 20 10 14 17 23 9 7 3 21 2 25 13 0 14 7 4 10 15 13 8 1 19 17 9 2 4 0 1 12 20 5 1 0 24 6 24 5 21 3 0 22 8 12 18 14 8 16 22 5 22 23 17 17 8 3 19 13 2 
./data/gc_1000_3 greedy 73
37 25 44 31 21 24 64 16 47 11 9 40 53 63 69 35 65 48 42 41 35 39 47 63 58 35 4 71 17 5 30 40 59 4 67 3 18 8 48 48 11 15 57 61 33 44 66 29 12 7 10 40 51 24 22 33 62 32 30 46 56 61 50 19 44 21 21 2 65 10 13 55 3 48 17 8 45 60 18 13 28 30 21 63 61 33 49 6 14 68 27 47 7 8 36 23 44 16 20 42 58 32 40 57 42 62 16 22 27 37 28 12 17 8 42 34 48 12 13 33 19 20 45 5 12 7 37 34 9 5 48 45 27 49 0 34 5 62 35 59 29 49 51 45 45 4 53 70 64 60 9 5 41 18 22 50 6 46 66 25 32 26 7 45 27 24 22 36 18 28 36 42 13 1 4 55 9 66 37 51 17 38 5 60 58 54 56 45 8 69 20 10 46 1 62 43 26 62 67 31 53 7 15 21 39 15 70 6 14 1 9 64 56 26 3 32 18 4 3 31 62 20 62 36 7 58 41 52 24 0 63 0 7 19 52 4 66 44 19 63 13 24 41 53 18 26 41 47 20 51 44 63 22 9 43 7 29 17 35 16 52 65 45 4 17 61 38 64 38 24 32 15 71 61 52 31 38 11 24 40 18 28 21 47 44 1 5 43 56 13 45 6 54 5 31 62 7 55 71 11 9 46 25 42 61 43 43 12 59 66 0 28 18 0 17 20 0 27 41 4 56 40 53 10 50 31 2 63 61 30 50 60 68 39 19 56 6 24 47 47 65 44 70 34 14 70 12 45 12 26 30 41 68 1 25 23 64 8 19 57 50 42 31 28 49 34 41 0 21 16 42 41 20 7 47 66 8 54 59 22 54 40 61 41 35 58 46 18 55 35 65 43 24 9 6 37 59 6 9 50 58 54 37 30 36 12 7 49 36 19 32 28 8 3 51 23 18 0 37 2 19 36 40 18 15 30 49 67 6 54 6 2 25 52 59 38 44 12 47 2 40 15 59 68 11 39 39 8 3 44 10 31 27 16 40 46 2 14 49 6 27 14 42 32 8 49 65 31 14 7 11 60 53 59 70 26 15 58 38 35 64 36 6 34 39 12 9 51 23 57 31 32 50 56 70 64 1 20 7 14 30 22 55 34 63 69 9 13 1 50 30 61 23 27 37 29 1 11 43 11 66 55 30 16 22 49 68 6 26 30 26 43 12 25 43 47 36 19 25 54 34 19 25 17 10 15 67 32 33 42 23 36 13 68 46 52 10 29 15 47 7 11 10 56 50 4 37 59 37 21 64 34 66 4 40 48 4 56 8 15 2 14 3 12 51 27 31 62 11 30 34 27 7 38 12 51 12 50 53 5 54 2 29 1 15 34 42 2 65 60 33 21 56 28 2 9 34 14 48 44 57 46 29 18 34 52 3 35 26 13 33 53 26 5 34 2 29 31 16 35 20 20 48 54 39 16 24 63 18 42 15 21 28 22 1 21 19 16 50 26 47 7 18 24 1 25 52 59 29 29 13 46 10 53 49 14 39 26 24 38 19 20 28 39 16 35 38 54 51 67 21 69 60 20 23 11 23 22 16 51 5 27 0 20 10 10 3 54 45 22 3 60 56 6 51 1 23 26 9 30 31 55 62 5 24 51 45 9 50 63 34 57 60 44 49 57 16 2 1 64 39 23 25 43 5 25 30 58 43 45 59 15 57 67 17 44 4 27 67 33 17 29 49 2 10 9 49 18 44 33 57 25 2 33 59 13 64 68 21 7 12 27 41 45 38 5 16 46 22 43 0 36 53 24 22 39 50 55 66 0 33 19 48 43 26 0 3 41 41 63 55 8 28 44 35 44 11 19 27 55 36 72 4 13 56 35 14 17 38 54 38 28 58 15 59 47 20 10 32 24 29 37 48 43 60 23 20 37 71 15 3 29 6 4 53 69 55 25 41 38 52 36 30 20 36 69 10 35 14 23 61 70 14 37 63 32 31 22 31 0 28 54 11 8 69 29 32 54 45 58 39 29 27 17 25 58 13 3 11 35 29 57 17 3 39 5 28 26 57 1 64 9 25 69 31 44 13 49 13 46 53 67 40 38 23 46 22 22 65 61 8 8 33 1 16 64 57 67 31 23 42 33 32 51 30 6 17 22 11 58 46 42 40 28 27 52 71 17 52 19 38 36 0 52 14 33 68 3 65 38 14 43 29 53 50 52 13 48 32 55 41 17 21 4 43 6 8 50 47 43 46 9 37 28 32 15 27 3 56 50 
./data/gc_1000_5 greedy 121
35 102 68 1 21 56 31 7 46 18 65 14 10 77 90 110 40 19 16 82 95 19 83 23 34 28 22 27 26 103 51 101 102 71 42 114 11 3 1 58 42 29 71 90 3 55 66 14 7 79 118 91 91 30 68 90 77 35 28 53 70 99 114 90 72 106 39 2 50 104 78 30 44 107 81 50 70 22 41 6 36 75 56 5 18 104 96 55 62 22 92 29 95 67 23 61 101 57 7 74 66 40 55 106 26 41 89 0 64 64 80 95 44 25 29 63 7 92 62 53 61 107 87 100 88 34 102 101 59 48 97 40 55 86 8 97 56 87 78 60 26 76 3 59 25 1 63 33 69 42 52 100 5 30 98 54 19 79 99 91 68 91 119 85 31 71 83 3 56 47 56 14 42 39 45 81 84 26 39 25 12 51 100 21 3 7 20 115 71 95 50 87 32 74 9 89 45 55 68 97 31 81 2 110 8 15 11 102 59 93 99 39 32 116 26 6 28 38 15 29 63 67 83 25 31 63 43 37 15 8 45 73 28 55 105 43 111 24 45 14 47 33 86 59 78 58 63 71 20 88 61 19 64 10 44 105 67 86 10 92 15 115 77 65 29 104 30 50 18 28 43 4 97 6 88 69 30 94 103 91 54 85 4 55 57 89 48 54 90 1 105 53 0 88 87 56 80 77 9 107 49 84 101 64 94 36 13 45 4 28 73 10 76 50 45 74 108 27 6 75 12 18 34 21 96 62 73 85 81 110 107 62 60 57 54 90 76 52 90 118 108 6 95 60 44 88 51 20 93 11 50 81 21 73 0 74 85 94 80 9 7 21 36 33 58 10 77 24 5 41 0 99 59 91 99 84 115 70 72 29 86 44 13 38 114 4 23 1 26 11 103 63 81 57 73 108 56 7 66 9 108 11 16 60 91 35 27 31 90 31 11 48 15 23 27 98 77 66 13 76 79 35 20 17 85 11 24 93 92 23 8 88 51 99 4 94 58 106 35 61 31 2 38 98 70 30 2 118 111 52 2 105 30 29 0 1 109 53 13 12 96 49 86 67 101 64 27 17 100 3 32 9 42 72 72 52 23 69 115 51 46 109 87 20 8 34 92 75 16 42 48 110 30 13 85 87 64 86 70 6 70 37 43 104 68 84 49 13 43 32 79 96 49 46 84 54 53 41 37 7 92 59 33 6 3 36 84 3 97 16 13 99 19 61 83 51 76 62 2 25 89 53 36 53 5 67 69 94 6 14 19 82 63 6 63 113 42 108 75 56 27 4 82 9 79 89 71 61 66 110 24 66 38 81 116 106 74 21 113 1 103 45 17 72 60 70 78 111 1 7 33 17 24 6 73 64 65 67 74 30 72 88 114 73 106 49 34 5 20 10 112 119 37 97 74 96 47 67 104 96 78 65 28 36 23 40 80 86 106 5 12 77 109 116 22 66 37 17 27 0 32 35 52 39 41 13 99 21 84 20 58 16 58 73 81 16 60 117 71 107 66 29 76 95 25 58 46 43 51 19 78 48 83 7 78 47 40 79 60 8 38 13 12 53 102 79 41 107 72 54 29 114 80 10 22 115 83 25 48 94 57 94 18 69 111 120 61 76 4 88 42 53 57 110 52 3 87 16 9 31 93 37 37 68 19 8 100 41 39 19 45 67 0 65 93 83 117 46 49 74 40 79 78 56 112 16 16 76 100 17 55 15 4 22 10 120 7 104 21 43 28 44 92 96 78 58 87 40 50 44 49 44 0 70 107 66 41 69 62 102 57 84 6 47 37 18 112 69 9 104 34 3 8 39 34 20 98 44 64 54 70 101 59 67 81 10 111 17 14 119 4 93 33 73 47 12 24 11 57 22 18 23 30 65 93 26 75 4 85 47 35 83 37 101 10 11 53 61 91 80 83 15 92 95 75 71 82 25 82 59 38 84 25 88 43 89 17 36 28 5 12 50 58 27 46 95 109 35 82 24 75 40 47 43 62 27 18 46 103 33 2 49 40 113 45 63 52 12 12 74 98 108 21 1 29 18 89 32 103 9 17 81 47 10 28 26 85 46 115 82 113 60 72 36 86 21 69 79 100 57 15 33 25 5 58 94 22 52 63 34 0 105 35 14 65 54 37 5 99 46 14 12 54 41 40 77 101 51 65 9 62 34 22 18 97 38 112 38 32 94 9 75 102 52 15 68 113 2 36 48 32 0 54 44 26 14 19 68 80 61 48 80 42 39 39 48 20 22 24 43 96 51 26 28 111 83 82 109 14 98 
./data/gc_1000_7 greedy 193
101 34 173 4 33 78 0 117 47 181 150 58 32 91 163 44 20 137 45 136 72 154 60 15 174 74 172 118 5 38 104 148 28 163 185 26 95 44 57 43 131 139 143 143 26 135 112 101 27 10 58 80 38 68 80 42 173 77 133 40 9 133 107 131 108 76 18 114 21 176 89 13 81 153 168 161 50 5 146 67 80 30 98 66 154 42 55 31 128 62 34 114 183 151 93 39 6 79 95 70 147 61 58 137 174 130 11 139 59 84 15 92 35 89 166 187 120 41 168 21 16 50 145 57 153 99 66 74 30 101 18 83 41 149 81 21 121 91 174 23 187 186 51 67 61 180 90 63 140 38 22 116 57 81 70 156 171 149 128 95 111 110 97 161 50 56 24 14 83 94 61 0 177 47 166 107 2 96 71 173 1 146 19 161 122 29 28 87 104 115 170 10 105 32 9 116 14 48 73 132 121 169 44 3 58 59 7 153 171 79 116 68 34 122 155 134 142 26 188 66 4 35 100 84 29 111 44 71 169 77 55 57 124 18 182 165 47 48 129 154 132 88 149 121 10 26 162 10 23 144 158 46 64 144 26 17 85 149 43 74 84 125 32 92 108 157 12 9 170 65 106 102 7 75 0 158 108 76 77 140 64 93 78 130 22 159 3 110 63 6 39 31 143 68 60 113 180 140 120 172 115 117 82 65 80 89 132 125 25 117 136 83 134 105 148 34 110 181 27 17 82 16 70 51 100 41 106 125 28 25 138 62 89 51 6 11 1 59 151 185 47 165 33 40 158 135 182 106 25 57 176 70 98 99 129 176 87 183 104 35 12 2 141 27 24 94 55 179 185 11 182 23 141 153 62 122 8 69 179 191 139 65 116 148 52 116 124 142 145 129 98 152 132 61 109 42 119 43 100 143 78 184 168 27 105 120 120 103 150 97 103 110 8 152 121 65 82 64 114 114 24 55 142 131 36 30 148 146 151 136 28 92 125 180 94 149 159 60 2 33 39 165 41 170 115 76 92 179 183 157 54 187 135 103 33 107 156 56 140 27 190 34 112 123 176 71 99 84 17 28 159 8 103 54 137 17 113 131 173 99 12 109 146 141 32 139 123 38 43 35 123 43 166 23 53 41 63 9 37 5 5 90 83 4 148 102 11 62 16 29 75 142 64 46 169 14 94 127 97 119 19 118 21 127 1 177 156 82 126 144 172 130 91 188 79 37 59 28 74 178 36 30 45 87 156 6 56 105 51 177 47 2 128 128 81 130 82 100 24 119 2 53 159 95 41 65 20 39 136 25 132 115 17 122 120 161 7 36 23 0 145 22 100 1 158 114 174 118 45 47 90 129 7 138 53 88 147 113 73 7 172 32 52 128 150 86 186 124 145 93 100 84 106 106 54 159 15 31 166 97 178 150 135 64 175 14 69 103 40 79 168 55 20 119 150 80 3 42 102 178 52 48 109 72 90 37 86 73 87 25 68 121 22 19 157 2 112 159 192 81 142 103 85 46 33 25 124 12 80 16 88 164 76 45 160 77 89 30 108 126 0 88 19 50 33 117 127 156 4 59 67 123 10 66 81 189 165 17 49 19 102 97 109 60 63 78 77 29 144 58 36 88 178 138 40 96 12 51 134 157 156 164 162 42 91 11 74 171 63 162 158 172 182 87 178 126 186 113 76 8 53 164 35 138 24 72 125 32 49 4 69 79 126 42 6 104 77 117 39 69 91 119 88 189 71 93 160 26 27 123 115 96 157 8 89 101 162 104 86 40 107 13 86 141 16 72 44 43 114 36 151 170 92 75 147 95 112 3 163 137 4 154 56 136 95 61 69 78 77 50 16 125 112 3 101 4 160 134 13 52 1 29 126 111 162 57 96 167 13 53 96 56 169 155 22 36 181 140 15 147 137 15 96 71 175 11 94 117 85 133 75 9 94 72 110 122 72 21 18 85 118 46 167 52 143 152 142 54 74 35 26 44 96 49 139 62 39 40 37 58 40 14 54 113 85 48 94 71 164 136 98 73 164 68 6 170 31 175 22 8 61 90 134 31 145 150 97 82 133 49 18 186 101 118 155 68 52 158 10 45 76 46 68 46 81 151 24 66 130 84 3 83 75 167 51 20 181 75 184 177 86 146 160 60 135 108 80 133 155 50 130 127 49 163 48 38 138 45 111 172 69 111 37 107 30 104 153 38 144 67 21 67 73 93 164 59 131 5 99 13 12 180 165 75 125 109 91 163 14 106 122 70 102 49 43 105 20 54 136 37 
./data/gc_1000_9 csp_312 312
35 263 157 161 240 267 143 291 2 116 108 39 303 99 304 177 264 207 5 241 45 107 30 212 102 7 105 275 273 131 136 117 267 108 73 272 268 263 207 74 279 135 44 107 255 104 199 94 15 250 134 121 4 84 43 189 144 153 228 199 233 219 311 170 217 258 28 204 288 131 69 34 34 18 114 309 66 168 158 195 31 118 292 33 196 274 95 183 73 240 79 78 13 285 275 22 142 20 27 275 208 46 229 209 39 65 178 112 215 112 272 145 185 57 301 0 50 258 163 216 271 67 210 132 138 244 192 77 309 75 197 85 269 241 242 146 42 196 195 259 36 280 212 22 118 14 211 252 212 282 93 130 57 90 113 127 83 123 250 215 198 304 94 224 276 103 55 147 236 12 72 5 270 277 179 1 27 234 10 299 86 40 214 124 297 152 51 224 86 200 47 157 131 51 180 198 253 157 32 198 98 222 230 70 81 100 49 54 271 231 254 240 48 298 103 28 169 60 215 16 17 25 278 170 148 66 52 168 226 174 213 155 96 149 82 56 168 97 218 149 15 36 158 7 156 190 182 181 135 100 3 14 239 87 77 25 302 52 225 103 209 186 164 84 257 143 115 201 19 13 196 167 243 140 121 104 105 14 1 115 141 119 141 130 176 147 104 260 42 223 228 281 33 10 3 224 275 58 83 246 56 80 136 210 73 57 274 23 101 40 206 231 278 2 164 118 276 57 119 306 207 15 179 259 158 12 208 159 106 28 132 74 180 232 140 251 107 22 41 279 108 266 120 242 178 11 261 29 110 218 232 213 277 170 187 285 92 88 173 225 181 233 182 171 160 144 109 17 67 20 66 11 24 269 47 22 142 147 294 187 175 169 97 85 183 220 235 142 89 189 137 90 110 58 98 296 168 280 106 72 282 122 155 31 63 13 305 62 216 220 23 111 238 154 39 62 290 214 199 161 78 253 297 38 91 310 4 237 214 61 124 282 242 6 276 75 255 179 81 2 306 108 219 110 209 139 90 84 87 26 176 162 47 150 295 291 41 24 184 171 284 262 24 239 82 121 8 92 133 67 55 251 197 68 76 200 147 91 51 11 293 59 201 218 247 10 131 134 101 71 244 80 111 289 165 156 184 7 256 98 229 234 77 42 20 227 25 217 102 248 261 175 132 6 206 262 96 263 5 165 100 33 231 181 307 29 122 26 310 172 151 180 8 235 105 121 295 123 135 260 166 202 151 226 171 19 41 296 59 152 268 193 45 102 297 284 279 190 191 259 89 288 211 70 96 68 129 255 46 136 270 189 117 283 42 309 89 236 264 215 34 182 230 284 112 45 44 69 99 302 260 248 4 109 124 238 16 185 256 133 190 234 163 109 1 2 152 27 144 308 164 125 195 185 126 294 266 37 194 93 220 267 162 311 208 133 229 237 53 43 48 136 101 273 137 245 35 76 77 203 153 166 201 298 290 161 227 183 264 246 48 151 0 71 95 173 171 165 254 191 87 183 88 169 252 20 222 58 54 6 21 277 12 246 258 160 216 192 139 285 84 307 186 126 78 32 288 159 30 249 9 154 253 88 193 130 69 176 111 201 85 257 94 0 191 298 70 122 60 203 123 120 151 300 145 50 287 36 9 159 17 153 61 202 204 37 226 307 249 11 47 15 172 138 79 295 137 54 173 185 31 138 155 280 265 16 23 268 232 252 100 234 205 49 112 193 177 48 174 213 117 68 286 92 300 175 265 227 192 235 18 61 62 46 302 225 248 26 134 113 119 63 21 114 292 139 167 50 52 19 52 80 278 266 174 270 110 194 89 166 245 81 12 292 154 115 35 122 214 102 271 32 60 186 126 205 232 95 43 97 93 37 150 146 30 106 238 244 8 299 208 203 97 19 210 217 305 127 145 281 206 247 221 63 108 113 117 254 40 223 190 186 218 248 49 211 228 64 179 243 71 219 199 187 230 193 101 308 116 249 256 180 299 125 66 148 237 3 249 167 228 1 261 21 79 53 220 75 202 235 74 148 160 289 29 128 127 269 99 196 221 55 146 72 9 239 217 233 272 39 177 148 293 188 76 184 166 116 174 303 245 128 124 247 212 188 125 139 60 197 216 140 128 141 132 16 38 82 178 204 236 65 169 18 200 194 286 273 149 283 142 250 154 162 156 85 59 222 161 262 163 68 226 44 241 123 129 192 301 287 91 72 150 188 114 223 205 115 14 176 53 178 46 257 64 83 172 24 56 143 65 64 251 251 86 221 266 129 120 38 
./data/gc_100_1 greedy 6
1 3 4 2 4 0 2 3 0 1 3 1 3 1 2 1 0 2 4 4 3 1 2 5 4 2 1 3 0 3 3 2 2 2 3 3 1 5 3 4 4 3 2 2 0 2 2 0 4 0 1 1 5 3 3 3 2 4 4 0 1 1 1 0 4 2 1 1 3 4 2 0 4 0 4 4 1 3 2 0 0 2 1 1 4 1 4 4 0 4 0 0 2 0 1 0 1 0 1 4 
./data/gc_100_3 greedy 13
9 7 2 4 3 3 9 0 2 7 3 3 6 4 7 9 5 0 1 4 4 8 2 5 3 0 0 4 5 6 9 6 10 0 10 0 10 5 5 9 11 4 7 6 2 0 4 4 8 9 3 6 4 7 5 1 3 9 8 5 1 11 12 8 8 9 1 3 1 10 5 1 3 2 4 5 6 3 8 2 6 2 7 7 11 7 11 6 0 3 1 8 2 1 6 8 8 0 8 4 
./data/gc_100_5 greedy 20
8 8 6 6 1 12 2 8 13 3 12 5 0 18 15 2 4 1 10 13 9 3 14 12 16 9 7 8 13 0 5 0 6 5 4 17 11 1 16 9 1 13 6 7 7 14 11 12 3 16 7 6 15 15 4 0 3 6 5 2 4 17 9 16 3 4 2 5 16 2 4 7 3 0 11 17 12 9 15 12 14 11 2 5 10 16 7 10 8 11 10 4 1 8 16 18 2 10 19 9 
./data/gc_100_7 csp_26 26
2 18 4 21 15 7 20 19 0 9 21 17 20 23 3 21 7 12 12 12 10 22 22 15 1 1 25 18 18 3 23 19 4 20 2 8 22 24 21 3 4 10 17 13 19 14 15 2 6 14 9 24 6 16 5 5 0 20 10 25 9 22 7 8 5 24 20 3 10 2 8 8 17 12 0 15 9 2 13 1 1 5 18 23 7 25 6 23 11 6 14 13 11 24 11 13 16 14 4 16 
./data/gc_100_9 csp_42 42
16 24 4 24 14 25 26 29 33 41 32 13 19 35 38 31 1 2 15 7 39 7 34 14 40 5 7 36 27 8 28 34 8 40 15 31 10 13 29 17 41 27 35 20 21 6 28 18 3 30 22 19 24 2 0 36 9 0 3 4 12 37 9 21 39 30 16 38 37 33 5 31 22 32 10 26 22 41 16 11 9 11 17 27 18 18 12 23 15 6 8 19 20 17 23 13 38 1 25 39 
./data/gc_20_1 greedy 3
1 0 1 1 1 0 1 2 1 1 1 2 0 0 0 1 0 0 0 1 
./data/gc_20_3 greedy 5
0 1 2 0 3 3 0 1 4 2 0 1 1 3 1 1 1 1 0 2 
./data/gc_20_5 csp_5 5
3 4 2 4 1 3 0 4 1 2 1 2 2 1 4 3 0 0 3 2 
./data/gc_20_7 greedy 8
5 1 4 4 7 7 6 3 1 1 2 0 2 6 5 3 3 2 0 5 
./data/gc_20_9 greedy 11
3 8 2 7 3 5 1 6 5 1 9 0 10 4 6 10 6 8 2 4 
./data/gc_250_1 greedy 11
0 7 1 9 5 2 6 0 8 3 8 6 2 1 4 2 5 0 0 2 6 0 7 3 7 2 6 7 7 10 2 7 2 3 2 0 0 3 1 10 7 6 5 2 6 3 9 3 8 3 5 6 4 8 2 1 3 4 6 4 1 2 3 9 8 1 5 4 3 10 0 4 1 1 4 1 6 6 4 8 8 7 7 6 8 3 0 5 2 4 0 8 2 2 6 1 4 5 7 9 4 0 1 4 7 1 2 4 0 7 8 6 7 8 6 1 10 0 5 8 1 5 1 1 6 1 1 3 2 2 4 3 4 2 7 4 1 2 0 6 6 7 4 6 4 7 3 2 5 1 5 4 6 6 9 5 0 2 1 7 4 3 3 5 9 5 7 9 4 3 0 3 4 1 3 0 8 5 5 9 4 5 0 6 8 1 1 9 4 3 5 5 0 5 4 5 8 6 3 9 3 4 0 4 3 3 3 1 9 1 1 6 4 7 9 3 2 8 8 7 3 3 9 9 5 5 2 6 4 7 1 5 0 3 2 2 6 2 1 2 0 0 2 6 5 5 4 0 4 0 
./data/gc_250_3 csp_24 24
10 15 21 0 10 4 20 6 17 9 14 14 6 16 18 2 5 3 17 12 3 1 7 11 6 0 15 0 3 11 10 7 12 8 15 0 12 8 11 5 15 2 18 2 0 6 19 3 8 19 9 10 10 20 20 12 8 4 3 8 1 13 20 2 10 13 4 13 4 2 17 9 7 6 5 2 5 7 14 0 15 18 9 21 6 16 19 5 21 1 3 7 0 4 7 17 15 11 4 8 17 5 21 13 10 18 4 1 2 5 7 22 18 6 5 19 18 10 20 13 9 2 3 18 10 12 13 20 10 11 14 16 5 11 11 3 13 16 8 3 19 3 18 0 11 0 17 7 0 9 4 14 19 12 2 19 14 10 6 12 8 1 7 9 20 17 3 23 15 21 16 6 14 17 4 19 7 21 18 11 11 1 15 23 1 8 16 16 5 6 16 12 18 16 0 1 11 1 7 11 2 22 21 10 9 15 2 7 16 0 1 22 5 20 19 12 6 15 20 12 0 14 13 2 14 7 1 9 9 18 9 14 8 9 4 13 12 3 16 5 18 9 3 17 18 14 11 4 13 5 
./data/gc_250_5 csp_38 38
19 14 9 10 28 35 23 31 18 28 19 22 31 25 0 3 19 3 1 19 36 27 22 0 3 19 9 7 6 5 30 15 20 21 36 22 34 26 20 26 15 10 23 26 37 33 1 4 7 29 24 7 26 35 28 12 6 17 29 18 17 11 32 21 19 29 20 2 4 22 6 15 10 5 10 5 34 19 7 25 6 17 11 4 0 13 6 34 27 12 4 28 21 30 32 24 13 11 11 30 17 0 5 13 7 14 24 9 8 2 32 6 20 3 8 29 24 8 25 2 1 12 23 20 9 17 16 8 14 28 2 12 37 10 24 23 23 30 2 24 28 27 2 19 18 2 15 33 23 6 12 3 12 0 21 0 27 1 21 2 17 33 4 30 0 13 31 9 22 3 5 36 8 14 15 16 26 15 25 7 8 3 18 37 27 16 21 35 11 27 9 29 11 32 12 14 27 25 5 14 13 37 3 30 18 1 25 26 1 4 26 17 6 7 20 15 28 10 30 21 0 18 29 15 35 25 31 4 2 16 18 29 20 17 5 1 22 13 22 16 33 31 25 23 9 10 33 26 13 9 
./data/gc_250_7 csp_59 59
35 19 50 12 1 9 11 25 26 45 39 23 2 50 12 25 47 28 26 33 10 14 26 37 16 31 13 29 46 52 41 51 24 7 43 18 54 6 32 39 7 12 46 46 44 1 1 42 43 40 45 0 2 22 33 13 21 9 14 47 38 15 48 56 3 13 32 19 16 30 11 18 39 37 38 30 30 34 57 10 16 32 36 15 14 9 4 35 35 12 52 12 37 8 36 31 3 27 33 2 44 54 38 17 39 9 4 14 13 52 29 58 18 30 56 50 24 6 41 51 23 9 40 6 50 57 48 32 8 1 3 7 48 57 47 11 3 32 48 5 35 53 0 34 7 52 1 39 28 20 15 21 24 29 26 28 17 30 21 8 5 14 42 27 33 23 2 7 21 22 20 25 25 54 23 15 0 39 10 31 20 40 51 34 16 43 30 5 35 6 28 40 33 55 30 20 21 17 10 53 22 29 4 5 4 35 43 47 47 19 16 22 31 36 18 41 41 17 3 27 0 11 24 56 49 22 55 58 37 34 49 41 28 10 46 44 42 23 53 19 25 19 29 2 40 5 11 24 45 17 
./data/gc_250_9 greedy 96
95 59 29 58 74 40 11 93 49 7 56 5 14 81 52 87 74 88 79 37 9 19 80 18 11 57 0 68 33 47 7 76 28 12 51 39 32 65 27 39 64 6 83 71 38 73 27 53 93 41 21 36 64 46 84 24 33 32 66 82 10 75 59 8 86 38 68 56 18 2 13 23 50 55 90 52 94 54 37 67 2 66 72 34 4 36 61 35 54 82 85 78 10 85 81 71 23 45 15 34 67 25 6 27 16 44 77 80 62 90 10 43 44 16 70 9 30 86 87 91 8 49 42 18 79 1 9 66 19 78 46 6 78 65 55 12 20 42 68 50 22 53 89 64 92 57 45 27 63 63 8 4 42 17 62 14 61 21 67 75 7 57 58 72 55 60 15 58 1 21 69 89 17 34 41 35 16 70 88 33 20 43 23 26 52 26 24 61 48 42 17 84 54 5 46 29 11 38 30 24 25 13 61 40 59 51 20 50 81 73 2 69 4 31 83 3 36 92 88 31 3 32 45 41 44 31 76 29 91 77 26 60 0 35 13 12 40 82 90 30 53 25 49 75 28 2 22 48 47 19 
./data/gc_4_1 greedy 2
1 0 1 1 
./data/gc_500_1 greedy 18
5 1 4 16 2 5 3 10 10 6 13 3 7 2 7 5 7 6 15 7 6 4 3 5 12 5 12 2 1 13 16 17 17 9 4 11 4 12 14 9 8 11 8 13 10 1 3 10 15 13 10 4 1 14 9 8 11 14 4 0 10 11 0 5 1 6 12 9 4 0 4 15 5 12 10 11 10 4 11 3 3 2 13 13 16 13 10 8 10 6 16 9 1 1 13 10 11 1 14 13 12 8 0 8 4 12 10 12 13 10 4 7 0 5 10 5 6 14 3 3 8 6 11 13 3 14 0 8 12 12 0 13 14 2 11 16 3 6 13 7 15 11 3 3 14 0 4 3 7 6 0 9 9 10 11 0 7 1 5 7 5 6 16 6 10 10 9 7 7 12 5 9 12 14 10 6 15 5 2 0 7 7 1 12 2 0 12 13 7 9 3 13 6 5 2 8 4 2 0 3 15 14 5 4 12 1 4 13 1 10 0 16 11 8 8 5 14 6 4 4 2 1 11 8 7 6 11 6 9 3 11 10 12 5 2 4 10 2 2 3 17 17 8 15 8 6 2 12 14 7 2 6 7 9 12 2 5 5 7 4 8 4 12 12 11 2 13 10 8 4 9 0 11 1 8 9 2 4 0 1 5 8 14 7 2 3 1 13 6 0 2 6 11 9 9 15 5 6 1 14 1 9 0 4 13 3 15 4 10 15 8 11 0 10 16 8 5 0 4 1 8 3 5 2 13 14 4 1 7 13 7 0 7 16 0 8 7 1 8 4 9 13 3 8 15 11 2 7 2 1 5 8 12 9 9 3 7 1 11 10 1 14 12 3 6 8 7 3 4 6 5 6 2 6 6 11 7 10 5 12 9 11 10 10 0 9 15 6 5 7 0 15 13 10 9 8 7 9 0 2 1 2 1 6 6 5 0 0 5 8 1 0 5 7 9 1 4 10 3 3 11 0 1 2 9 9 7 13 7 3 11 0 3 14 9 2 13 9 1 3 14 6 5 11 5 9 8 14 13 3 8 5 14 2 3 12 7 4 9 0 2 6 8 4 9 7 15 10 15 14 5 9 14 5 6 14 15 0 2 0 7 10 9 2 10 1 5 3 4 3 11 8 10 9 12 8 1 3 13 2 
./data/gc_500_3 csp_1000 43
16 35 8 6 20 2 36 35 20 8 18 0 22 17 11 4 35 12 1 33 32 23 33 31 2 26 35 28 6 14 31 1 38 5 19 40 26 9 25 3 16 0 1 34 30 11 6 16 37 17 0 33 20 31 21 1 10 0 18 28 40 0 24 1 31 6 17 16 4 23 10 42 13 29 14 16 30 24 21 21 4 27 3 5 41 30 19 12 6 18 30 36 24 25 13 2 21 0 24 40 0 15 0 35 5 8 22 24 4 20 33 35 24 21 12 12 32 32 21 20 24 17 7 22 30 11 7 3 38 12 30 15 17 10 18 13 14 23 17 1 22 37 28 8 0 21 13 17 12 8 11 7 8 14 14 13 3 15 13 5 18 17 7 31 0 8 19 36 10 40 27 29 21 31 23 34 26 37 14 1 16 8 39 28 27 10 22 8 9 30 21 21 36 16 15 6 6 11 4 16 37 10 23 5 27 4 1 29 0 3 26 33 6 30 36 12 2 29 15 12 33 3 22 2 1 29 4 30 29 11 4 33 37 28 12 35 31 31 32 19 26 20 36 10 16 18 30 14 7 10 34 33 9 24 9 38 15 9 15 39 25 33 6 36 34 8 6 15 15 32 9 20 34 26 30 25 14 13 32 3 33 7 9 26 25 2 27 19 39 11 5 24 7 31 19 16 0 37 37 22 35 18 1 39 2 3 9 12 25 34 16 19 32 0 28 22 24 23 28 9 27 10 13 18 24 2 19 33 25 26 18 26 23 40 10 26 28 22 27 23 21 23 4 12 14 17 35 20 7 13 10 11 17 26 21 13 0 19 36 15 20 29 29 8 36 8 19 27 10 0 3 31 34 27 6 20 2 12 34 9 37 5 14 16 10 22 3 28 4 29 3 38 2 29 14 5 21 19 11 19 10 7 41 16 9 5 1 1 20 2 17 27 3 11 32 13 5 26 23 9 23 28 34 36 13 5 39 3 25 39 35 19 1 17 25 38 17 12 7 2 13 15 32 4 15 14 30 25 5 1 40 11 18 12 41 13 22 20 24 42 6 38 21 11 31 6 32 24 26 33 5 7 26 1 15 25 26 15 7 21 7 7 22 18 20 8 35 7 38 15 5 2 27 14 0 18 29 20 3 4 
./data/gc_500_1 greedy 18
5 1 4 16 2 5 3 10 10 6 13 3 7 2 7 5 7 6 15 7 6 4 3 5 12 5 12 2 1 13 16 17 17 9 4 11 4 12 14 9 8 11 8 13 10 1 3 10 15 13 10 4 1 14 9 8 11 14 4 0 10 11 0 5 1 6 12 9 4 0 4 15 5 12 10 11 10 4 11 3 3 2 13 13 16 13 10 8 10 6 16 9 1 1 13 10 11 1 14 13 12 8 0 8 4 12 10 12 13 10 4 7 0 5 10 5 6 14 3 3 8 6 11 13 3 14 0 8 12 12 0 13 14 2 11 16 3 6 13 7 15 11 3 3 14 0 4 3 7 6 0 9 9 10 11 0 7 1 5 7 5 6 16 6 10 10 9 7 7 12 5 9 12 14 10 6 15 5 2 0 7 7 1 12 2 0 12 13 7 9 3 13 6 5 2 8 4 2 0 3 15 14 5 4 12 1 4 13 1 10 0 16 11 8 8 5 14 6 4 4 2 1 11 8 7 6 11 6 9 3 11 10 12 5 2 4 10 2 2 3 17 17 8 15 8 6 2 12 14 7 2 6 7 9 12 2 5 5 7 4 8 4 12 12 11 2 13 10 8 4 9 0 11 1 8 9 2 4 0 1 5 8 14 7 2 3 1 13 6 0 2 6 11 9 9 15 5 6 1 14 1 9 0 4 13 3 15 4 10 15 8 11 0 10 16 8 5 0 4 1 8 3 5 2 13 14 4 1 7 13 7 0 7 16 0 8 7 1 8 4 9 13 3 8 15 11 2 7 2 1 5 8 12 9 9 3 7 1 11 10 1 14 12 3 6 8 7 3 4 6 5 6 2 6 6 11 7 10 5 12 9 11 10 10 0 9 15 6 5 7 0 15 13 10 9 8 7 9 0 2 1 2 1 6 6 5 0 0 5 8 1 0 5 7 9 1 4 10 3 3 11 0 1 2 9 9 7 13 7 3 11 0 3 14 9 2 13 9 1 3 14 6 5 11 5 9 8 14 13 3 8 5 14 2 3 12 7 4 9 0 2 6 8 4 9 7 15 10 15 14 5 9 14 5 6 14 15 0 2 0 7 10 9 2 10 1 5 3 4 3 11 8 10 9 12 8 1 3 13 2 
./data/gc_500_3 greedy 43
17 32 10 11 17 2 29 26 2 8 18 0 22 24 16 3 14 12 1 13 33 16 35 36 4 3 32 30 0 30 31 13 31 10 15 22 13 29 27 4 12 22 9 24 30 9 0 14 22 20 31 11 22 32 21 1 11 3 6 5 41 40 32 1 28 10 8 1 5 22 21 35 3 36 14 15 31 38 23 18 0 26 7 4 40 29 25 25 13 33 31 23 30 27 20 29 22 2 40 35 31 4 15 1 28 18 38 37 21 20 13 17 32 17 17 7 2 16 26 37 17 14 9 27 31 9 6 19 39 23 31 34 11 9 21 27 6 29 16 1 27 12 11 5 0 25 13 15 12 8 10 5 9 14 10 13 23 21 15 4 17 34 9 33 0 9 9 40 3 41 10 23 21 28 29 8 24 24 10 0 15 12 34 5 28 2 1 28 26 31 16 21 36 8 1 1 3 19 8 11 5 17 39 29 7 2 35 24 0 7 23 5 26 26 33 1 5 32 19 28 34 12 7 3 1 22 8 2 28 16 2 2 1 18 4 7 10 19 32 6 10 10 35 19 22 16 41 26 6 2 38 28 7 20 10 36 20 14 12 17 20 36 11 17 26 8 22 16 15 31 7 17 6 12 27 26 14 7 35 12 38 13 23 10 28 2 29 26 33 13 6 24 31 36 20 6 6 40 32 32 32 19 33 19 5 4 1 17 26 35 16 31 25 0 24 19 24 23 15 19 39 5 17 20 24 3 25 35 25 38 10 39 15 39 11 27 36 24 27 25 34 19 8 21 14 19 34 12 5 18 11 9 24 25 31 6 16 36 35 10 29 32 40 8 34 20 19 4 30 13 1 33 33 15 0 22 5 12 33 0 18 29 14 18 11 11 4 30 3 22 13 37 3 2 23 6 23 17 33 25 11 7 29 21 21 4 0 26 13 9 0 32 9 10 28 13 5 20 7 15 23 36 37 27 34 15 8 3 37 29 12 20 23 3 27 39 20 18 16 3 11 12 3 4 34 16 7 31 25 18 42 14 18 17 39 7 15 14 14 40 11 39 17 10 9 14 30 4 27 25 6 5 7 1 14 16 20 10 28 35 6 24 19 18 2 8 37 19 39 28 5 2 4 30 13 27 28 32 30 8 
./data/gc_500_5 greedy 69
34 63 32 50 42 28 35 49 34 54 2 14 46 16 25 17 50 3 10 39 15 24 26 24 31 56 38 18 7 51 57 20 50 65 1 11 42 12 26 8 44 32 31 2 35 67 59 34 6 2 21 59 23 46 35 25 0 35 17 30 27 45 19 8 21 30 10 51 2 31 58 30 25 19 53 30 36 52 53 20 56 53 14 47 41 19 42 10 51 57 7 18 1 29 11 1 14 10 15 49 5 37 9 52 22 61 48 27 1 20 19 24 8 28 38 66 9 45 51 17 24 49 23 13 37 55 5 42 30 60 58 23 15 16 53 13 27 50 53 23 58 47 23 9 11 4 3 6 35 18 29 14 14 20 48 12 20 56 31 26 38 52 2 18 35 9 66 62 16 37 13 3 32 34 7 40 12 28 22 17 60 5 60 4 11 48 4 36 61 38 40 20 67 59 38 40 18 40 0 27 49 56 13 29 4 41 13 9 0 54 43 18 50 46 16 64 55 55 64 26 1 37 27 7 15 47 39 31 35 37 31 30 31 56 43 42 6 43 45 10 55 41 54 16 60 44 19 57 34 29 61 55 62 14 21 44 29 22 15 40 1 29 25 26 66 37 33 33 45 19 10 9 17 5 27 13 39 33 34 8 26 4 54 0 60 41 49 36 62 40 50 57 5 33 12 52 46 58 27 44 66 56 37 22 61 36 39 0 25 9 50 48 64 56 6 41 63 23 19 0 63 58 63 27 46 43 8 7 16 57 20 33 11 41 3 34 15 2 22 38 22 34 31 21 36 63 53 36 1 64 52 0 13 66 18 55 11 42 57 12 29 12 38 6 3 40 47 3 36 46 50 54 18 37 22 52 43 32 10 32 23 20 15 45 11 10 5 42 44 17 61 15 48 43 28 62 25 49 4 19 41 2 29 21 32 0 7 36 13 32 28 30 62 4 1 17 48 28 7 23 12 54 35 59 6 39 53 26 27 25 5 21 46 16 6 33 32 33 46 61 24 65 47 24 68 24 0 44 24 3 47 43 6 39 51 8 60 34 48 7 14 64 38 38 11 55 49 14 31 25 6 44 54 47 9 59 28 3 30 39 51 26 17 47 24 49 48 15 39 7 1 12 8 21 30 25 19 41 2 20 
./data/gc_500_7 greedy 103
17 22 79 24 30 56 26 42 93 90 37 26 50 11 97 86 40 5 77 78 81 48 40 67 55 7 97 9 65 61 43 79 83 87 40 10 81 40 14 78 2 85 65 82 20 84 75 34 40 81 58 14 86 43 45 64 28 92 70 39 71 83 20 28 31 66 25 38 54 95 49 7 0 21 35 35 53 1 21 69 88 39 13 75 42 39 36 92 93 46 22 50 84 2 79 76 28 20 100 58 86 34 32 16 80 41 58 68 0 51 68 52 99 14 45 48 67 19 61 27 25 93 3 91 12 26 48 76 47 72 1 27 101 70 67 4 50 34 79 59 89 33 31 30 62 74 74 13 81 8 51 24 24 12 25 42 23 63 26 66 60 90 33 82 65 35 89 38 48 48 27 76 70 55 89 22 33 19 21 39 57 20 87 46 38 52 62 18 27 15 55 51 11 85 85 42 61 36 25 10 54 42 37 63 32 57 57 98 47 62 52 41 75 9 69 15 16 87 90 3 51 64 99 32 2 46 16 49 33 49 72 1 29 62 100 71 56 6 29 21 41 15 6 56 86 19 49 89 1 92 34 13 53 7 19 38 11 33 82 37 75 52 32 94 12 0 36 29 44 15 10 15 10 53 49 67 51 5 68 61 11 91 17 98 96 68 19 5 11 94 28 18 37 22 77 73 17 83 46 65 41 53 3 80 65 17 13 58 5 66 51 25 47 14 74 60 81 46 67 10 53 38 47 35 44 12 28 80 43 33 32 50 91 93 73 21 31 45 88 92 95 11 56 44 9 35 23 77 16 26 8 96 70 4 69 9 85 45 55 102 72 38 18 46 57 31 24 79 91 18 33 7 36 23 63 74 44 89 62 10 13 24 78 86 47 96 20 77 59 20 17 22 83 31 9 57 39 55 8 66 29 96 98 71 78 83 43 57 73 54 93 23 14 35 21 69 94 2 8 68 76 35 45 30 6 12 17 56 6 44 54 0 4 63 43 5 36 73 52 99 46 14 6 77 6 15 28 82 72 8 0 92 71 64 72 1 60 22 60 4 64 24 59 84 95 101 4 63 7 39 2 59 27 52 16 45 84 40 12 18 74 54 42 59 19 23 3 30 27 31 94 34 64 88 29 80 90 61 73 66 
./data/gc_500_9 csp_169 169
5 8 115 27 1 62 116 70 4 142 55 157 67 40 71 13 92 3 83 161 105 53 111 64 75 10 101 11 87 155 88 59 21 156 14 33 34 53 43 29 103 137 111 22 136 54 53 60 80 117 46 114 127 61 121 60 139 14 61 49 126 134 62 0 118 146 15 112 85 9 160 35 4 125 0 110 104 93 138 21 107 81 82 56 31 39 39 18 97 106 84 23 123 145 127 88 135 96 55 56 32 109 120 59 78 59 20 67 118 154 151 54 100 0 108 164 96 2 97 24 86 74 136 119 43 59 120 26 149 36 124 138 83 75 103 79 161 37 147 165 47 2 48 156 52 119 130 1 38 53 132 12 68 16 60 135 73 87 61 90 62 62 39 89 40 90 19 44 45 133 110 91 66 25 72 29 63 141 121 120 109 92 93 73 152 64 74 113 153 48 28 3 123 128 19 54 49 65 65 38 38 66 70 81 47 99 101 104 77 33 27 71 142 98 110 19 131 50 9 7 57 10 18 82 137 11 14 125 98 43 69 98 44 81 119 30 129 61 152 41 122 91 159 75 32 22 128 117 42 50 26 51 4 148 76 15 141 162 73 30 68 102 129 111 57 17 99 139 95 143 72 140 76 163 37 132 108 76 123 144 99 112 77 16 64 143 78 84 80 148 121 154 162 38 103 45 16 52 165 115 94 36 49 86 130 99 44 145 40 67 155 52 78 101 162 39 100 74 89 131 142 34 132 89 101 58 90 15 46 36 6 46 17 153 65 88 23 151 122 113 133 79 21 25 126 158 124 93 118 114 120 42 156 149 27 115 77 7 149 79 67 163 63 70 160 25 43 100 1 5 37 125 68 41 134 34 4 12 150 166 102 130 26 49 127 40 56 136 24 145 83 12 58 6 87 103 114 104 51 82 69 20 146 80 28 84 29 96 137 102 94 24 10 48 7 138 88 71 122 58 85 22 106 97 134 13 123 41 9 57 30 6 22 50 85 8 112 18 116 86 13 105 143 167 91 109 66 150 5 8 31 3 20 2 45 168 93 9 33 108 55 131 105 144 32 35 168 146 63 109 139 164 35 126 47 105 51 158 147 47 95 42 106 128 159 113 140 124 95 129 23 18 69 28 107 31 72 108 17 71 
./data/gc_50_1 csp_4 4
2 2 0 2 1 3 0 1 2 2 1 3 1 0 2 3 1 2 0 0 1 2 1 3 0 0 1 2 0 1 2 1 0 1 0 3 1 2 3 0 0 2 1 3 1 0 3 0 1 1 
./data/gc_50_3 csp_6 6
2 2 2 3 5 1 2 0 1 5 3 0 1 0 2 3 0 4 5 1 4 3 1 3 1 4 3 4 3 5 2 4 2 1 5 1 5 5 2 0 2 3 0 0 2 0 5 3 5 4 
./data/gc_50_5 greedy 11
3 10 3 4 1 0 8 6 1 2 8 7 6 1 1 1 2 5 4 8 5 5 2 6 7 3 6 4 9 0 2 2 9 8 1 5 5 3 9 7 6 2 0 4 1 9 7 4 0 0 
./data/gc_50_7 csp_16 16
5 11 7 4 7 0 11 0 15 12 1 0 10 11 13 6 4 14 5 8 15 8 7 8 14 12 0 10 6 2 3 1 9 3 1 6 4 10 2 10 3 13 12 9 14 15 13 11 2 14 
./data/gc_50_9 csp_22 22
1 21 16 3 19 1 16 4 16 5 7 4 19 9 15 10 20 10 17 9 3 11 2 12 4 9 6 18 0 19 7 13 14 6 18 21 8 15 14 11 13 5 0 1 8 20 2 17 12 15 
./data/gc_70_1 csp_4 4
1 3 0 0 2 0 3 2 1 0 1 1 0 2 0 1 0 1 2 0 2 0 2 1 1 3 2 3 1 2 2 0 1 3 0 2 0 0 1 0 2 0 0 2 0 3 2 0 3 3 2 1 1 3 0 3 1 1 0 3 3 2 2 3 3 2 1 0 1 3 
./data/gc_70_3 greedy 10
4 5 1 2 3 7 4 2 7 6 3 3 4 7 1 3 5 6 2 0 7 6 7 8 0 5 3 4 6 4 0 3 2 6 1 8 6 9 5 7 0 4 0 4 1 4 2 9 9 3 5 7 5 9 2 0 1 5 2 0 2 2 1 5 1 8 7 3 4 0 
./data/gc_70_5 greedy 14
9 8 3 2 2 11 9 10 7 10 1 7 11 9 7 10 12 13 0 11 9 3 9 2 11 4 9 1 5 5 6 5 7 1 6 10 3 0 6 3 7 5 1 12 2 4 10 8 1 4 1 11 0 6 9 0 0 4 4 10 6 2 12 0 8 3 0 8 7 3 
./data/gc_70_7 csp_19 19
8 3 3 11 10 12 1 6 0 6 15 9 1 16 9 0 14 13 12 7 16 9 10 5 2 10 4 13 2 4 16 14 8 6 4 16 18 0 5 11 13 2 11 14 2 1 7 18 17 12 7 17 0 13 17 8 16 12 1 11 3 9 2 5 3 3 15 15 15 4 
./data/gc_70_9 greedy 31
25 17 8 15 2 6 11 12 26 28 13 8 11 4 29 27 23 14 11 16 21 8 26 9 7 22 21 1 7 20 0 6 28 22 20 24 12 29 27 3 17 16 4 5 14 15 30 14 15 3 0 25 24 1 10 19 19 18 10 9 18 13 22 23 17 7 26 5 13 2 
